[-0.0, -0.0, -0.004, 0.0, -0.0, -0.0] 64.333
[-0.0, 0.029, -0.033, 0.0, -0.0, -0.0] 63.854
[-0.0, 0.058, -0.062, 0.0, -0.0, -0.0] 63.973
[-0.0, 0.086, -0.09, 0.0, -0.0, -0.0] 79.794
[-0.0, 0.115, -0.119, 0.0, -0.0, -0.0] 63.728
[-0.0, 0.144, -0.148, 0.0, -0.0, -0.0] 63.829
[-0.0, 0.173, -0.177, 0.0, -0.0, -0.0] 64.645
[-0.0, 0.202, -0.206, 0.0, -0.0, -0.0] 80.268
[-0.0, 0.23, -0.234, 0.0, -0.0, -0.0] 63.729
[-0.0, 0.259, -0.263, 0.0, -0.0, -0.0] 63.359
[-0.0, 0.288, -0.292, 0.0, -0.0, -0.0] 49.164
[-0.0, 0.317, -0.321, 0.0, -0.0, -0.0] 95.388
[-0.0, 0.346, -0.35, -0.0, 0.0, -0.0] 79.768
[-0.0, 0.374, -0.378, -0.0, 0.0, -0.0] 62.748
[-0.0, 0.403, -0.407, -0.0, 0.0, -0.0] 63.945
[-0.0, 0.432, -0.436, -0.0, 0.0, -0.0] 63.633
[-0.0, 0.461, -0.465, -0.0, 0.0, -0.0] 80.11
[-0.0, 0.482, -0.494, -0.0, 0.0, -0.0] 64.082
[-0.0, 0.492, -0.522, -0.0, 0.0, -0.0] 63.866
[-0.0, 0.496, -0.551, -0.0, 0.0, -0.0] 63.579
[-0.0, 0.498, -0.58, -0.0, 0.0, -0.0] 80.5
[-0.0, 0.499, -0.609, -0.0, 0.0, 0.0] 79.767
[-0.0, 0.5, -0.638, -0.0, 0.0, -0.0] 63.988
[-0.0, 0.5, -0.666, -0.0, 0.0, -0.0] 63.604
[-0.0, 0.5, -0.695, -0.0, 0.0, -0.0] 63.676
[-0.0, 0.5, -0.724, -0.0, 0.0, -0.0] 78.941
[-0.0, 0.5, -0.753, -0.0, 0.0, 0.0] 64.192
[-0.0, 0.5, -0.782, -0.0, 0.0, 0.0] 63.58
[-0.0, 0.5, -0.81, -0.0, 0.0, 0.0] 63.946
[-0.0, 0.5, -0.839, -0.0, 0.0, 0.0] 80.514
[-0.0, 0.5, -0.868, -0.0, 0.0, 0.0] 63.569
[-0.0, 0.5, -0.897, -0.0, 0.0, 0.0] 63.591
[-0.0, 0.5, -0.926, 0.0, 0.0, 0.0] 63.866
[-0.0, 0.5, -0.954, 0.0, 0.0, 0.0] 78.863
[-0.0, 0.5, -0.983, 0.0, 0.0, 0.0] 63.787
[-0.0, 0.5, -1.012, 0.0, 0.0, 0.0] 63.001
[-0.0, 0.5, -1.041, 0.0, 0.0, 0.0] 62.79
[-0.0, 0.5, -1.07, 0.0, 0.0, 0.0] 80.348
[-0.0, 0.5, -1.098, -0.0, 0.0, 0.0] 63.634
[-0.0, 0.5, -1.127, -0.0, 0.0, 0.0] 64.216
[-0.0, 0.5, -1.156, -0.0, 0.0, 0.0] 64.194
[-0.0, 0.5, -1.185, -0.0, 0.0, 0.0] 79.676
[-0.0, 0.5, -1.214, -0.0, 0.0, 0.0] 63.623
[-0.0, 0.5, -1.233, -0.0, 0.0, 0.0] 63.679
[-0.0, 0.5, -1.242, -0.0, 0.0, 0.0] 63.655
[0.029, 0.471, -1.213, 0.0, 0.0, -0.004] 79.464
[0.058, 0.442, -1.185, 0.0, 0.0, -0.006] 63.322
[0.086, 0.414, -1.156, 0.0, 0.0, -0.006] 64.212
[0.115, 0.385, -1.127, -0.0, 0.0, -0.007] 64.498
[0.144, 0.356, -1.098, 0.0, 0.0, -0.007] 80.032
[0.173, 0.327, -1.069, -0.0, 0.0, -0.007] 63.678
[0.202, 0.298, -1.041, -0.0, 0.0, -0.007] 64.004
[0.23, 0.27, -1.012, -0.0, 0.0, -0.007] 63.121
[0.259, 0.241, -0.983, -0.0, 0.0, -0.007] 95.091
[0.288, 0.212, -0.954, -0.0, 0.0, -0.007] 63.827
[0.317, 0.183, -0.925, -0.0, 0.0, -0.007] 63.408
[0.346, 0.154, -0.897, -0.0, 0.0, -0.007] 63.819
[0.374, 0.126, -0.868, -0.0, 0.0, -0.007] 63.844
[0.403, 0.097, -0.839, -0.0, 0.0, -0.007] 79.274
[0.432, 0.068, -0.81, -0.0, 0.0, -0.007] 63.735
[0.461, 0.039, -0.781, -0.0, -0.0, -0.007] 64.387
[0.49, 0.01, -0.753, -0.0, 0.0, -0.007] 63.034
[0.518, -0.018, -0.724, -0.0, 0.0, -0.007] 81.184
[0.547, -0.047, -0.695, -0.0, 0.0, -0.007] 63.11
[0.576, -0.076, -0.666, -0.0, 0.0, -0.007] 64.184
[0.605, -0.105, -0.637, -0.0, 0.0, -0.007] 63.613
[0.634, -0.134, -0.609, -0.0, 0.0, -0.007] 79.986
[0.662, -0.162, -0.58, -0.0, -0.0, -0.007] 63.207
[0.691, -0.191, -0.551, -0.0, -0.0, -0.007] 79.311
[0.72, -0.218, -0.522, -0.0, -0.0, -0.007] 64.133
[0.749, -0.232, -0.493, -0.0, -0.0, -0.007] 62.694
[0.778, -0.238, -0.465, -0.0, -0.0, -0.007] 63.173
[0.806, -0.241, -0.436, -0.0, -0.0, -0.007] 79.407
[0.835, -0.243, -0.407, -0.0, -0.0, -0.007] 64.396
[0.864, -0.243, -0.378, 0.0, -0.0, -0.007] 63.443
[0.893, -0.244, -0.349, 0.0, -0.0, -0.007] 79.126
[0.922, -0.244, -0.321, 0.0, -0.0, -0.007] 63.533
[0.95, -0.244, -0.292, 0.0, -0.0, -0.007] 63.981
[0.974, -0.244, -0.263, 0.0, -0.0, -0.007] 63.438
[0.985, -0.244, -0.234, 0.0, 0.0, -0.007] 64.247
[0.991, -0.244, -0.205, 0.0, -0.0, -0.007] 64.011
[0.993, -0.244, -0.177, 0.0, -0.0, -0.007] 80.441
[0.994, -0.244, -0.148, 0.0, -0.0, -0.007] 94.78
[0.995, -0.244, -0.119, 0.0, -0.0, -0.007] 63.105
[0.995, -0.244, -0.09, 0.0, -0.0, -0.007] 63.868
[0.995, -0.244, -0.061, 0.0, -0.0, -0.007] 64.308
[0.995, -0.244, -0.033, 0.0, -0.0, -0.007] 63.742
[0.995, -0.244, -0.004, 0.0, -0.0, -0.007] 79.674
[0.995, -0.244, 0.025, 0.0, -0.0, -0.007] 80.183
[0.995, -0.244, 0.054, 0.0, -0.0, -0.007] 63.772
[0.995, -0.244, 0.083, 0.0, -0.0, -0.007] 64.679
[0.995, -0.244, 0.111, 0.0, -0.0, -0.007] 63.741
[0.995, -0.244, 0.14, 0.0, -0.0, -0.007] 79.472
[0.995, -0.244, 0.169, 0.0, -0.0, -0.007] 64.175
[0.995, -0.244, 0.198, 0.0, -0.0, -0.007] 63.86
[0.995, -0.244, 0.227, 0.0, -0.0, -0.007] 64.149
[0.995, -0.244, 0.255, 0.0, -0.0, -0.007] 79.453
[0.995, -0.244, 0.284, 0.0, -0.0, -0.007] 63.714
[0.995, -0.244, 0.313, 0.0, -0.0, -0.007] 62.775
[0.995, -0.244, 0.342, -0.0, -0.0, -0.007] 63.555
[0.995, -0.244, 0.371, -0.0, -0.0, -0.007] 79.086
[0.995, -0.244, 0.399, -0.0, -0.0, -0.007] 63.564
[0.995, -0.244, 0.428, -0.0, -0.0, -0.007] 63.785
[0.995, -0.244, 0.457, -0.0, -0.0, -0.007] 48.667
[0.995, -0.244, 0.486, -0.0, -0.0, -0.007] 95.596
[0.995, -0.244, 0.515, -0.0, -0.0, -0.007] 64.087
[0.995, -0.244, 0.543, -0.0, -0.0, -0.007] 63.406
[0.995, -0.244, 0.572, -0.0, -0.0, -0.007] 80.088
[0.995, -0.244, 0.601, -0.0, -0.0, -0.007] 63.885
[0.995, -0.244, 0.63, -0.0, -0.0, -0.007] 63.856
[0.995, -0.244, 0.659, -0.0, -0.0, -0.007] 64.437
[0.995, -0.244, 0.687, -0.0, -0.0, -0.007] 64.193
[0.995, -0.244, 0.716, -0.0, -0.0, -0.007] 78.51
[0.995, -0.244, 0.745, -0.0, -0.0, -0.007] 63.887
[0.995, -0.244, 0.774, -0.0, -0.0, -0.007] 48.092
[0.995, -0.244, 0.802, -0.0, -0.0, -0.007] 63.81
[0.995, -0.244, 0.831, -0.0, -0.0, -0.007] 79.502
[0.995, -0.244, 0.86, -0.0, -0.0, -0.007] 64.186
[0.995, -0.244, 0.889, -0.0, -0.0, -0.007] 64.152
[0.995, -0.244, 0.918, -0.0, -0.0, -0.007] 79.91
[0.995, -0.244, 0.946, 0.0, -0.0, -0.007] 63.961
[0.995, -0.244, 0.973, 0.0, -0.0, -0.007] 64.148
[0.995, -0.244, 0.988, 0.0, -0.0, -0.007] 64.158
[0.995, -0.244, 0.994, 0.0, -0.0, -0.007] 63.597
[0.966, -0.273, 0.966, -0.029, -0.029, -0.002] 63.913
[0.937, -0.302, 0.937, -0.058, -0.058, 0.001] 96.524
[0.909, -0.33, 0.908, -0.086, -0.086, 0.002] 63.076
[0.88, -0.359, 0.879, -0.115, -0.115, 0.003] 64.034
[0.851, -0.388, 0.85, -0.144, -0.144, 0.003] 64.565
[0.822, -0.417, 0.822, -0.173, -0.173, 0.003] 79.963
[0.793, -0.446, 0.793, -0.202, -0.202, 0.003] 63.516
[0.765, -0.474, 0.764, -0.23, -0.23, 0.003] 63.471
[0.736, -0.503, 0.735, -0.259, -0.259, 0.003] 64.13
[0.707, -0.532, 0.706, -0.288, -0.288, 0.003] 78.787
[0.678, -0.561, 0.688, -0.317, -0.317, 0.003] 80.193
[0.649, -0.578, 0.68, -0.346, -0.346, 0.003] 62.265
[0.621, -0.585, 0.676, -0.374, -0.374, 0.003] 47.987
[0.592, -0.589, 0.675, -0.403, -0.403, 0.003] 64.201
[0.563, -0.591, 0.674, -0.432, -0.432, 0.003] 79.574
[0.534, -0.591, 0.673, -0.461, -0.461, 0.003] 63.801
[0.505, -0.592, 0.673, -0.49, -0.49, 0.003] 63.655
[0.477, -0.592, 0.673, -0.518, -0.518, 0.003] 79.642
[0.448, -0.592, 0.673, -0.547, -0.547, 0.003] 63.274
[0.419, -0.592, 0.673, -0.576, -0.576, 0.003] 64.575
[0.39, -0.592, 0.673, -0.605, -0.605, 0.003] 63.437
[0.361, -0.592, 0.673, -0.634, -0.634, 0.003] 63.321
[0.333, -0.592, 0.673, -0.662, -0.662, 0.003] 79.46
[0.304, -0.592, 0.673, -0.691, -0.691, 0.003] 64.876
[0.275, -0.592, 0.673, -0.72, -0.72, 0.003] 62.965
[0.246, -0.592, 0.673, -0.749, -0.749, 0.003] 63.827
[0.217, -0.592, 0.673, -0.778, -0.778, 0.003] 96.102
[0.189, -0.592, 0.673, -0.806, -0.806, 0.003] 62.897
[0.16, -0.592, 0.673, -0.835, -0.835, 0.003] 64.757
[0.131, -0.592, 0.673, -0.864, -0.864, 0.003] 63.43
[0.112, -0.592, 0.673, -0.893, -0.893, 0.003] 64.175
[0.103, -0.592, 0.673, -0.922, -0.922, 0.003] 80.107
[0.099, -0.592, 0.673, -0.95, -0.95, 0.003] 64.111
[0.098, -0.592, 0.673, -0.979, -0.979, 0.003] 62.7
[0.097, -0.592, 0.673, -1.008, -1.008, 0.003] 64.655
[0.096, -0.592, 0.673, -1.037, -1.037, 0.003] 80.011
[0.096, -0.592, 0.673, -1.066, -1.066, 0.003] 63.649
[0.096, -0.592, 0.673, -1.094, -1.094, 0.003] 63.804
[0.096, -0.592, 0.673, -1.123, -1.123, 0.003] 63.125
[0.096, -0.592, 0.673, -1.152, -1.152, 0.003] 80.081
[0.096, -0.592, 0.673, -1.181, -1.181, 0.003] 79.967
[0.096, -0.592, 0.673, -1.21, -1.21, 0.003] 63.773
[0.096, -0.592, 0.673, -1.238, -1.238, 0.003] 63.563
[0.096, -0.592, 0.673, -1.267, -1.267, 0.003] 64.33
[0.096, -0.592, 0.673, -1.296, -1.296, 0.003] 79.877
[0.096, -0.592, 0.673, -1.325, -1.325, 0.003] 63.845
[0.096, -0.592, 0.673, -1.354, -1.354, 0.003] 64.022
[0.096, -0.592, 0.673, -1.382, -1.382, 0.003] 62.93
[0.096, -0.592, 0.673, -1.411, -1.411, 0.003] 77.533
[0.096, -0.592, 0.673, -1.44, -1.44, 0.003] 79.539
[0.096, -0.592, 0.673, -1.469, -1.469, 0.003] 64.076
[0.096, -0.592, 0.673, -1.498, -1.485, 0.003] 63.643
[0.096, -0.592, 0.673, -1.526, -1.493, 0.003] 64.892
[0.096, -0.592, 0.673, -1.555, -1.496, 0.003] 78.91
[0.096, -0.592, 0.673, -1.584, -1.498, 0.003] 63.931
[0.096, -0.592, 0.673, -1.613, -1.498, 0.003] 64.786
[0.096, -0.592, 0.673, -1.642, -1.499, 0.003] 63.329
[0.096, -0.592, 0.673, -1.67, -1.499, 0.003] 79.909
[0.096, -0.592, 0.673, -1.699, -1.499, 0.003] 63.466
[0.096, -0.592, 0.673, -1.72, -1.499, 0.003] 64.114
[0.096, -0.592, 0.673, -1.73, -1.499, 0.003] 63.483
[0.067, -0.563, 0.644, -1.701, -1.47, 0.003] 79.654
[0.038, -0.534, 0.615, -1.672, -1.441, 0.003] 63.009
[0.018, -0.506, 0.587, -1.643, -1.413, 0.003] 63.837
[0.008, -0.477, 0.558, -1.615, -1.384, 0.003] 64.069
[0.004, -0.448, 0.529, -1.586, -1.355, 0.003] 80.136
[0.002, -0.419, 0.5, -1.557, -1.326, 0.003] 64.795
[0.001, -0.39, 0.471, -1.528, -1.297, 0.003] 63.651
[0.0, -0.362, 0.443, -1.499, -1.269, 0.003] 63.768
[0.0, -0.333, 0.414, -1.471, -1.24, 0.003] 79.066
[0.0, -0.304, 0.385, -1.442, -1.211, 0.003] 79.384
[0.0, -0.275, 0.356, -1.413, -1.182, 0.003] 60.815
[0.0, -0.246, 0.327, -1.384, -1.153, 0.003] 64.432
[0.0, -0.218, 0.299, -1.355, -1.125, 0.003] 61.897
[0.0, -0.189, 0.27, -1.327, -1.096, 0.003] 87.086
[0.0, -0.16, 0.241, -1.298, -1.067, 0.003] 63.608
[0.0, -0.131, 0.212, -1.269, -1.038, 0.003] 62.533
[0.0, -0.102, 0.183, -1.24, -1.009, 0.003] 63.887
[0.0, -0.074, 0.155, -1.211, -0.981, 0.003] 80.445
[0.0, -0.045, 0.126, -1.183, -0.952, 0.003] 63.656
[0.0, -0.016, 0.097, -1.154, -0.923, 0.003] 63.573
[0.0, 0.013, 0.068, -1.125, -0.894, 0.003] 79.2
[0.0, 0.042, 0.039, -1.096, -0.865, 0.003] 64.402
[0.0, 0.07, 0.011, -1.067, -0.837, 0.003] 58.929
[0.0, 0.099, -0.018, -1.039, -0.808, 0.003] 68.116
[0.0, 0.128, -0.047, -1.01, -0.779, 0.003] 79.787
[0.0, 0.157, -0.076, -0.981, -0.75, 0.003] 62.121
[0.0, 0.186, -0.104, -0.952, -0.721, 0.003] 65.495
[0.0, 0.214, -0.133, -0.923, -0.693, 0.003] 64.013
[0.0, 0.243, -0.162, -0.895, -0.664, 0.003] 80.663
[0.0, 0.272, -0.191, -0.866, -0.635, 0.003] 47.993
[0.0, 0.301, -0.22, -0.837, -0.606, 0.003] 95.312
[0.0, 0.33, -0.248, -0.808, -0.577, 0.003] 80.466
[0.0, 0.358, -0.277, -0.779, -0.549, 0.003] 63.129
[0.0, 0.387, -0.306, -0.751, -0.52, 0.003] 63.765
[0.0, 0.416, -0.335, -0.722, -0.491, 0.003] 64.066
[0.0, 0.445, -0.364, -0.693, -0.462, 0.003] 79.93
[0.0, 0.472, -0.392, -0.664, -0.434, 0.003] 63.335
[0.0, 0.487, -0.421, -0.635, -0.405, 0.003] 63.103
[0.0, 0.494, -0.45, -0.607, -0.376, 0.003] 63.905
[0.0, 0.497, -0.479, -0.578, -0.347, 0.003] 95.751
[0.0, 0.499, -0.508, -0.549, -0.318, 0.003] 48.925
[0.0, 0.499, -0.536, -0.52, -0.29, 0.003] 63.108
[0.0, 0.5, -0.565, -0.491, -0.261, 0.003] 64.094
[0.0, 0.5, -0.594, -0.463, -0.232, 0.003] 79.139
[0.0, 0.5, -0.623, -0.434, -0.203, 0.003] 63.627
[0.0, 0.5, -0.652, -0.405, -0.174, 0.003] 63.341
[0.0, 0.5, -0.68, -0.376, -0.146, 0.003] 62.81
[0.0, 0.5, -0.709, -0.347, -0.117, 0.003] 95.122
[0.0, 0.5, -0.738, -0.319, -0.088, 0.003] 63.668
[0.0, 0.5, -0.767, -0.29, -0.059, 0.003] 65.167
[0.0, 0.5, -0.796, -0.261, -0.031, 0.003] 63.255
[0.0, 0.5, -0.824, -0.232, -0.016, 0.003] 62.958
[0.0, 0.5, -0.853, -0.203, -0.009, 0.003] 79.475
[0.0, 0.5, -0.882, -0.175, -0.006, 0.003] 64.048
[0.0, 0.5, -0.911, -0.146, -0.004, 0.003] 63.881
[0.0, 0.5, -0.94, -0.117, -0.004, 0.003] 64.036
[0.0, 0.5, -0.968, -0.088, -0.003, 0.003] 95.869
[0.0, 0.5, -0.997, -0.059, -0.003, 0.003] 64.894
[0.0, 0.5, -1.026, -0.031, -0.003, 0.003] 63.506
[0.0, 0.5, -1.055, -0.014, -0.003, 0.003] 64.281
[0.0, 0.5, -1.084, -0.007, -0.003, 0.003] 63.634
[0.0, 0.5, -1.112, -0.003, -0.003, 0.003] 80.162
[0.0, 0.5, -1.141, -0.001, -0.003, 0.003] 79.929
[0.0, 0.5, -1.17, -0.001, -0.003, 0.003] 62.984
[0.0, 0.5, -1.199, -0.0, -0.003, 0.003] 63.117
[0.0, 0.5, -1.225, -0.0, -0.003, 0.003] 63.804
[0.0, 0.5, -1.238, -0.0, -0.003, 0.003] 95.398
[0.0, 0.5, -1.245, -0.0, -0.003, 0.003] 64.531
[0.0, 0.471, -1.216, -0.0, -0.001, 0.001] 63.572
[0.0, 0.442, -1.187, 0.0, -0.001, 0.001] 62.802
[0.0, 0.414, -1.158, 0.0, -0.0, 0.0] 63.798
[0.0, 0.385, -1.129, 0.0, -0.0, 0.0] 79.838
[0.0, 0.356, -1.101, 0.0, -0.0, 0.0] 63.764
[0.0, 0.327, -1.072, -0.0, -0.0, 0.0] 64.1
[0.0, 0.298, -1.043, 0.0, -0.0, 0.0] 64.405
[0.0, 0.27, -1.014, -0.0, -0.0, 0.0] 80.168
[0.0, 0.241, -0.985, -0.0, -0.0, 0.0] 95.565
[0.0, 0.212, -0.957, 0.0, -0.0, 0.0] 64.103
[0.0, 0.183, -0.928, 0.0, -0.0, -0.0] 63.89
[0.0, 0.154, -0.899, 0.0, -0.0, -0.0] 64.046
[0.0, 0.126, -0.87, 0.0, -0.0, -0.0] 63.276
[0.0, 0.097, -0.842, 0.0, -0.0, 0.0] 94.641
[0.0, 0.068, -0.813, 0.0, -0.0, -0.0] 63.752
[0.0, 0.039, -0.784, 0.0, -0.0, 0.0] 64.739
[0.0, 0.018, -0.755, 0.0, -0.0, -0.0] 63.592
[0.0, 0.008, -0.726, 0.0, -0.0, 0.0] 63.263
[0.0, 0.004, -0.698, 0.0, -0.0, 0.0] 63.247
[0.0, 0.002, -0.669, 0.0, -0.0, -0.0] 95.399
[0.0, 0.001, -0.64, 0.0, -0.0, -0.0] 79.806
[0.0, 0.0, -0.611, 0.0, -0.0, 0.0] 64.434
[0.0, 0.0, -0.582, 0.0, -0.0, -0.0] 64.177
[0.0, 0.0, -0.554, 0.0, -0.0, -0.0] 63.53
[0.0, 0.0, -0.525, 0.0, -0.0, -0.0] 63.792
[0.0, 0.0, -0.496, 0.0, -0.0, -0.0] 78.321
[0.0, 0.0, -0.467, 0.0, -0.0, -0.0] 64.114
[0.0, 0.0, -0.438, 0.0, -0.0, -0.0] 63.635
[0.0, 0.0, -0.41, 0.0, -0.0, -0.0] 64.34
[0.0, 0.0, -0.381, 0.0, -0.0, -0.0] 79.793
[0.0, -0.0, -0.352, 0.0, -0.0, -0.0] 63.787
[0.0, -0.0, -0.323, 0.0, -0.0, -0.0] 64.312
[0.0, -0.0, -0.294, 0.0, -0.0, -0.0] 64.227
[0.0, -0.0, -0.266, 0.0, -0.0, -0.0] 80.114
[0.0, -0.0, -0.237, 0.0, -0.0, -0.0] 79.887
[0.0, -0.0, -0.208, 0.0, -0.0, -0.0] 63.121
[0.0, -0.0, -0.179, 0.0, -0.0, -0.0] 63.975
[0.0, -0.0, -0.15, 0.0, -0.0, -0.0] 63.842
[0.0, -0.0, -0.122, 0.0, -0.0, -0.0] 78.993
[0.0, -0.0, -0.093, 0.0, -0.0, -0.0] 63.855
[0.0, -0.0, -0.064, -0.0, -0.0, -0.0] 63.472
[0.0, -0.0, -0.035, -0.0, -0.0, -0.0] 48.696
[0.0, -0.0, -0.016, -0.0, -0.0, -0.0] 93.924
[0.0, -0.0, -0.008, -0.0, -0.0, -0.0] 63.302
