[-0.0, -0.0, -0.004, 0.0, -0.0, -0.0] 64.138
[0.029, -0.029, 0.025, -0.029, -0.029, 0.002] 63.454
[0.058, -0.058, 0.054, -0.058, -0.058, 0.002] 80.56
[0.078, -0.086, 0.082, -0.086, -0.086, 0.003] 55.303
[0.088, -0.115, 0.111, -0.115, -0.115, 0.003] 72.769
[0.092, -0.144, 0.14, -0.144, -0.144, 0.003] 63.234
[0.094, -0.173, 0.169, -0.173, -0.173, 0.003] 64.398
[0.095, -0.202, 0.198, -0.202, -0.202, 0.003] 63.936
[0.096, -0.23, 0.226, -0.23, -0.23, 0.003] 95.938
[0.096, -0.259, 0.255, -0.259, -0.259, 0.003] 80.586
[0.096, -0.288, 0.284, -0.288, -0.288, 0.003] 62.406
[0.096, -0.317, 0.313, -0.317, -0.317, 0.003] 63.954
[0.096, -0.346, 0.342, -0.346, -0.345, 0.003] 800.374
[0.096, -0.374, 0.37, -0.374, -0.374, 0.003] 64.203
[0.096, -0.403, 0.399, -0.403, -0.403, 0.003] 52.824
[0.096, -0.432, 0.428, -0.432, -0.432, 0.003] 65.697
[0.096, -0.461, 0.457, -0.461, -0.461, 0.003] 57.906
[0.096, -0.49, 0.486, -0.49, -0.489, 0.003] 80.401
[0.096, -0.518, 0.514, -0.518, -0.518, 0.003] 64.159
[0.096, -0.547, 0.543, -0.547, -0.547, 0.003] 57.724
[0.096, -0.571, 0.572, -0.576, -0.576, 0.003] 69.498
[0.096, -0.582, 0.601, -0.605, -0.605, 0.003] 63.375
[0.096, -0.588, 0.63, -0.634, -0.633, 0.003] 79.051
[0.096, -0.59, 0.653, -0.662, -0.662, 0.003] 62.621
[0.096, -0.591, 0.664, -0.691, -0.691, 0.003] 55.486
[0.096, -0.592, 0.669, -0.72, -0.72, 0.003] 60.077
[0.096, -0.592, 0.671, -0.749, -0.749, 0.003] 69.608
[0.096, -0.592, 0.672, -0.778, -0.777, 0.003] 80.22
[0.096, -0.592, 0.673, -0.806, -0.806, 0.003] 59.842
[0.096, -0.592, 0.673, -0.835, -0.835, 0.003] 60.225
[0.096, -0.592, 0.673, -0.864, -0.864, 0.003] 60.055
[0.096, -0.592, 0.673, -0.893, -0.893, 0.003] 60.807
[0.096, -0.592, 0.673, -0.922, -0.921, 0.003] 79.221
[0.096, -0.592, 0.673, -0.95, -0.95, 0.003] 64.254
[0.096, -0.592, 0.673, -0.979, -0.979, 0.003] 63.243
[0.096, -0.592, 0.673, -1.008, -1.008, 0.003] 63.896
[0.096, -0.592, 0.673, -1.037, -1.037, 0.003] 80.42
[0.096, -0.592, 0.673, -1.066, -1.065, 0.003] 63.748
[0.096, -0.592, 0.673, -1.094, -1.094, 0.003] 64.203
[0.096, -0.592, 0.673, -1.123, -1.123, 0.003] 62.961
[0.096, -0.592, 0.673, -1.152, -1.152, 0.003] 57.327
[0.096, -0.592, 0.673, -1.181, -1.181, 0.003] 100.811
[0.096, -0.592, 0.673, -1.21, -1.209, 0.003] 63.459
[0.096, -0.592, 0.673, -1.238, -1.238, 0.003] 63.271
[0.096, -0.592, 0.673, -1.267, -1.267, 0.003] 63.797
[0.096, -0.592, 0.673, -1.296, -1.296, 0.003] 79.997
[0.096, -0.592, 0.673, -1.325, -1.325, 0.003] 63.69
[0.096, -0.592, 0.673, -1.354, -1.353, 0.003] 64.707
[0.096, -0.592, 0.673, -1.382, -1.382, 0.003] 62.637
[0.096, -0.592, 0.673, -1.411, -1.411, 0.003] 63.136
[0.096, -0.592, 0.673, -1.44, -1.44, 0.003] 95.698
[0.096, -0.592, 0.673, -1.469, -1.469, 0.003] 64.698
[0.096, -0.592, 0.673, -1.498, -1.485, 0.003] 64.017
[0.096, -0.592, 0.673, -1.526, -1.492, 0.003] 63.906
[0.096, -0.592, 0.673, -1.555, -1.496, 0.003] 80.048
[0.096, -0.592, 0.673, -1.584, -1.498, 0.003] 47.612
[0.096, -0.592, 0.673, -1.613, -1.498, 0.003] 79.34
[0.096, -0.592, 0.673, -1.642, -1.499, 0.003] 79.291
[0.096, -0.592, 0.673, -1.67, -1.499, 0.003] 63.689
[0.096, -0.592, 0.673, -1.699, -1.499, 0.003] 64.225
[0.096, -0.592, 0.673, -1.72, -1.499, 0.003] 62.813
[0.096, -0.592, 0.673, -1.73, -1.499, 0.003] 79.992
[0.067, -0.592, 0.644, -1.701, -1.47, 0.003] 64.187
[0.038, -0.592, 0.615, -1.672, -1.441, 0.003] 64.747
[0.01, -0.592, 0.587, -1.643, -1.413, 0.003] 63.087
[-0.019, -0.592, 0.558, -1.615, -1.384, 0.003] 78.884
[-0.048, -0.592, 0.529, -1.586, -1.355, 0.003] 64.426
[-0.077, -0.592, 0.5, -1.557, -1.326, 0.003] 47.528
[-0.106, -0.592, 0.471, -1.528, -1.297, 0.003] 63.831
[-0.134, -0.592, 0.443, -1.499, -1.269, 0.003] 80.555
[-0.163, -0.592, 0.414, -1.471, -1.24, 0.003] 80.271
[-0.192, -0.592, 0.385, -1.442, -1.211, 0.003] 63.21
[-0.221, -0.592, 0.356, -1.413, -1.182, 0.003] 63.475
[-0.25, -0.592, 0.327, -1.384, -1.153, 0.003] 64.895
[-0.278, -0.592, 0.299, -1.355, -1.125, 0.003] 79.642
[-0.307, -0.592, 0.27, -1.327, -1.096, 0.003] 63.231
[-0.336, -0.592, 0.241, -1.298, -1.067, 0.003] 64.042
[-0.365, -0.592, 0.212, -1.269, -1.038, 0.003] 64.029
[-0.394, -0.592, 0.183, -1.24, -1.009, 0.003] 63.943
[-0.422, -0.592, 0.155, -1.211, -0.981, 0.003] 94.922
[-0.451, -0.592, 0.126, -1.183, -0.952, 0.003] 64.033
[-0.48, -0.592, 0.097, -1.154, -0.923, 0.003] 64.161
[-0.509, -0.592, 0.068, -1.125, -0.894, 0.003] 64.207
[-0.538, -0.592, 0.039, -1.096, -0.865, 0.003] 79.137
[-0.566, -0.592, 0.011, -1.067, -0.837, 0.003] 64.789
[-0.595, -0.592, -0.018, -1.039, -0.808, 0.003] 63.621
[-0.624, -0.592, -0.047, -1.01, -0.78, 0.003] 64.145
[-0.653, -0.592, -0.064, -0.981, -0.764, 0.003] 80.371
[-0.682, -0.592, -0.072, -0.952, -0.756, 0.003] 47.045
[-0.71, -0.592, -0.076, -0.923, -0.753, 0.003] 78.455
[-0.739, -0.592, -0.078, -0.895, -0.751, 0.003] 79.898
[-0.768, -0.592, -0.078, -0.866, -0.751, 0.003] 63.685
[-0.797, -0.592, -0.079, -0.837, -0.75, 0.003] 63.769
[-0.826, -0.592, -0.079, -0.808, -0.75, 0.003] 63.742
[-0.854, -0.592, -0.079, -0.779, -0.75, 0.003] 79.278
[-0.883, -0.592, -0.079, -0.751, -0.75, 0.003] 64.073
[-0.912, -0.592, -0.079, -0.722, -0.75, 0.003] 63.41
[-0.941, -0.592, -0.079, -0.693, -0.75, 0.003] 63.725
[-0.97, -0.592, -0.079, -0.664, -0.75, 0.003] 79.514
[-0.998, -0.592, -0.079, -0.635, -0.75, 0.003] 63.715
[-1.027, -0.592, -0.079, -0.607, -0.75, 0.003] 63.547
[-1.056, -0.592, -0.079, -0.578, -0.75, 0.003] 63.394
[-1.085, -0.592, -0.079, -0.549, -0.75, 0.003] 63.559
[-1.114, -0.592, -0.079, -0.52, -0.75, 0.003] 94.808
[-1.142, -0.592, -0.079, -0.491, -0.75, 0.003] 63.165
[-1.171, -0.592, -0.079, -0.463, -0.75, 0.003] 63.804
[-1.2, -0.592, -0.079, -0.434, -0.75, 0.003] 64.058
[-1.227, -0.592, -0.079, -0.405, -0.75, 0.003] 78.973
[-1.241, -0.592, -0.079, -0.376, -0.75, 0.003] 64.326
[-1.247, -0.592, -0.079, -0.347, -0.75, 0.003] 55.76
[-1.25, -0.592, -0.079, -0.319, -0.75, 0.003] 71.013
[-1.252, -0.592, -0.079, -0.29, -0.75, 0.003] 77.552
[-1.252, -0.592, -0.079, -0.261, -0.75, 0.003] 61.34
[-1.253, -0.592, -0.079, -0.232, -0.75, 0.003] 59.763
[-1.253, -0.592, -0.079, -0.203, -0.75, 0.003] 57.962
[-1.253, -0.592, -0.079, -0.175, -0.75, 0.003] 63.308
[-1.253, -0.592, -0.079, -0.146, -0.75, 0.003] 94.951
[-1.253, -0.592, -0.079, -0.117, -0.75, 0.003] 64.018
[-1.253, -0.592, -0.079, -0.088, -0.75, 0.003] 62.624
[-1.253, -0.592, -0.079, -0.07, -0.75, 0.003] 63.405
[-1.253, -0.592, -0.079, -0.061, -0.75, 0.003] 79.592
[-1.224, -0.563, -0.05, -0.033, -0.779, 0.003] 64.442
[-1.195, -0.534, -0.021, -0.004, -0.808, 0.003] 59.972
[-1.167, -0.506, 0.007, 0.025, -0.836, 0.003] 60.038
[-1.138, -0.477, 0.036, 0.054, -0.865, 0.003] 79.786
[-1.109, -0.448, 0.057, 0.083, -0.894, 0.003] 71.499
[-1.08, -0.419, 0.066, 0.111, -0.923, 0.003] 48.467
[-1.051, -0.39, 0.07, 0.14, -0.952, 0.003] 62.979
[-1.023, -0.362, 0.072, 0.169, -0.98, 0.003] 63.448
[-0.994, -0.333, 0.073, 0.198, -1.009, 0.003] 95.658
[-0.965, -0.304, 0.074, 0.227, -1.038, 0.003] 63.678
[-0.936, -0.275, 0.074, 0.255, -1.067, 0.003] 79.524
[-0.907, -0.246, 0.074, 0.284, -1.096, 0.003] 63.765
[-0.879, -0.218, 0.074, 0.313, -1.124, 0.003] 64.378
[-0.85, -0.189, 0.074, 0.342, -1.153, 0.003] 62.841
[-0.821, -0.16, 0.074, 0.371, -1.182, 0.003] 63.999
[-0.792, -0.131, 0.074, 0.399, -1.211, 0.003] 64.222
[-0.763, -0.102, 0.074, 0.428, -1.24, 0.003] 79.51
[-0.735, -0.074, 0.074, 0.457, -1.268, 0.003] 80.047
[-0.706, -0.045, 0.074, 0.486, -1.297, 0.003] 64.312
[-0.677, -0.016, 0.074, 0.515, -1.326, 0.003] 64.073
[-0.648, 0.013, 0.074, 0.543, -1.355, 0.003] 63.378
[-0.619, 0.042, 0.074, 0.572, -1.384, 0.003] 79.673
[-0.591, 0.07, 0.074, 0.601, -1.412, 0.003] 64.465
[-0.562, 0.099, 0.074, 0.63, -1.427, 0.003] 63.667
[-0.533, 0.128, 0.074, 0.659, -1.435, 0.003] 64.219
[-0.504, 0.157, 0.074, 0.687, -1.438, 0.003] 79.94
[-0.475, 0.186, 0.074, 0.716, -1.44, 0.003] 64.644
[-0.447, 0.214, 0.074, 0.745, -1.44, 0.003] 63.623
[-0.418, 0.243, 0.074, 0.774, -1.441, 0.003] 63.878
[-0.389, 0.272, 0.074, 0.803, -1.441, 0.003] 79.933
[-0.36, 0.301, 0.074, 0.831, -1.441, 0.003] 63.536
[-0.331, 0.33, 0.074, 0.86, -1.441, 0.003] 63.758
[-0.303, 0.358, 0.074, 0.889, -1.441, 0.003] 64.333
[-0.274, 0.387, 0.074, 0.918, -1.441, 0.003] 79.477
[-0.245, 0.416, 0.074, 0.947, -1.441, 0.003] 64.919
[-0.216, 0.445, 0.074, 0.975, -1.441, 0.003] 62.935
[-0.187, 0.474, 0.074, 1.004, -1.441, 0.003] 64.081
[-0.159, 0.502, 0.074, 1.033, -1.441, 0.003] 62.975
[-0.13, 0.531, 0.074, 1.062, -1.441, 0.003] 95.101
[-0.101, 0.56, 0.074, 1.091, -1.441, 0.003] 63.945
[-0.072, 0.586, 0.074, 1.119, -1.441, 0.003] 65.048
[-0.043, 0.599, 0.074, 1.148, -1.441, 0.003] 62.205
[-0.015, 0.605, 0.074, 1.177, -1.441, 0.003] 79.804
[0.014, 0.608, 0.074, 1.206, -1.441, 0.003] 63.466
[0.043, 0.609, 0.074, 1.235, -1.441, 0.003] 64.433
[0.072, 0.609, 0.074, 1.263, -1.441, 0.003] 63.174
[0.101, 0.61, 0.074, 1.292, -1.441, 0.003] 57.332
[0.129, 0.61, 0.074, 1.321, -1.441, 0.003] 85.575
[0.158, 0.61, 0.074, 1.35, -1.441, 0.003] 56.968
[0.187, 0.61, 0.074, 1.379, -1.441, 0.003] 57.408
[0.216, 0.61, 0.074, 1.407, -1.441, 0.003] 70.045
[0.245, 0.61, 0.074, 1.436, -1.441, 0.003] 54.472
[0.273, 0.61, 0.074, 1.465, -1.441, 0.003] 79.674
[0.302, 0.61, 0.074, 1.494, -1.441, 0.003] 79.956
[0.331, 0.61, 0.074, 1.523, -1.441, 0.003] 63.876
[0.36, 0.61, 0.074, 1.551, -1.441, 0.003] 63.732
[0.389, 0.61, 0.074, 1.58, -1.441, 0.003] 57.856
[0.417, 0.61, 0.074, 1.609, -1.441, 0.003] 86.43
[0.446, 0.61, 0.074, 1.638, -1.441, 0.003] 68.577
[0.475, 0.61, 0.074, 1.667, -1.441, 0.003] 75.028
[0.504, 0.61, 0.074, 1.695, -1.441, 0.003] 50.041
[0.533, 0.61, 0.074, 1.724, -1.441, 0.003] 77.293
[0.561, 0.61, 0.074, 1.749, -1.441, 0.003] 47.662
[0.59, 0.61, 0.074, 1.76, -1.441, 0.003] 95.467
[0.619, 0.61, 0.074, 1.765, -1.441, 0.003] 63.598
[0.648, 0.61, 0.074, 1.768, -1.441, 0.003] 63.864
[0.677, 0.61, 0.074, 1.769, -1.441, 0.003] 63.586
[0.705, 0.61, 0.074, 1.77, -1.441, 0.003] 79.57
[0.734, 0.61, 0.074, 1.77, -1.441, 0.003] 63.994
[0.763, 0.61, 0.074, 1.77, -1.441, 0.003] 64.882
[0.792, 0.61, 0.074, 1.77, -1.441, 0.003] 63.552
[0.821, 0.61, 0.074, 1.77, -1.441, 0.003] 79.016
[0.849, 0.61, 0.074, 1.77, -1.441, 0.003] 63.348
[0.878, 0.61, 0.074, 1.77, -1.441, 0.003] 64.166
[0.907, 0.61, 0.074, 1.77, -1.441, 0.003] 64.021
[0.936, 0.61, 0.074, 1.77, -1.441, 0.003] 79.468
[0.965, 0.61, 0.074, 1.77, -1.441, 0.003] 63.404
[0.993, 0.61, 0.074, 1.77, -1.441, 0.003] 63.075
[1.022, 0.61, 0.074, 1.77, -1.441, 0.003] 59.227
[1.051, 0.61, 0.074, 1.77, -1.441, 0.003] 91.089
[1.08, 0.61, 0.074, 1.77, -1.441, 0.003] 79.997
[1.109, 0.61, 0.074, 1.77, -1.441, 0.003] 64.173
[1.137, 0.61, 0.074, 1.77, -1.441, 0.003] 63.672
[1.166, 0.61, 0.074, 1.77, -1.441, 0.003] 63.975
[1.195, 0.61, 0.074, 1.77, -1.441, 0.003] 80.004
[1.224, 0.61, 0.074, 1.77, -1.441, 0.003] 63.698
[1.253, 0.61, 0.074, 1.77, -1.441, 0.003] 64.479
[1.281, 0.61, 0.074, 1.77, -1.441, 0.003] 63.714
[1.31, 0.61, 0.074, 1.77, -1.441, 0.003] 80.134
[1.339, 0.61, 0.074, 1.77, -1.441, 0.003] 79.95
[1.368, 0.61, 0.074, 1.77, -1.441, 0.003] 63.109
[1.397, 0.61, 0.074, 1.77, -1.441, 0.003] 63.246
[1.425, 0.61, 0.074, 1.77, -1.441, 0.003] 64.116
[1.454, 0.61, 0.074, 1.77, -1.441, 0.003] 95.532
[1.483, 0.61, 0.074, 1.77, -1.441, 0.003] 63.823
[1.512, 0.61, 0.074, 1.77, -1.441, 0.003] 63.792
[1.541, 0.61, 0.074, 1.77, -1.441, 0.003] 63.852
[1.569, 0.61, 0.074, 1.77, -1.441, 0.003] 64.185
[1.598, 0.61, 0.074, 1.77, -1.441, 0.003] 79.249
[1.627, 0.61, 0.074, 1.77, -1.441, 0.003] 63.168
[1.656, 0.61, 0.074, 1.77, -1.441, 0.003] 64.246
[1.685, 0.61, 0.074, 1.77, -1.441, 0.003] 64.313
[1.713, 0.61, 0.074, 1.77, -1.441, 0.003] 83.459
[1.742, 0.61, 0.074, 1.77, -1.441, 0.003] 42.838
[1.771, 0.61, 0.074, 1.77, -1.441, 0.003] 63.758
[1.8, 0.61, 0.074, 1.77, -1.441, 0.003] 79.53
[1.829, 0.61, 0.074, 1.77, -1.441, 0.003] 79.455
[1.857, 0.61, 0.074, 1.77, -1.441, 0.003] 64.675
[1.886, 0.61, 0.074, 1.77, -1.441, 0.003] 63.297
[1.915, 0.61, 0.074, 1.77, -1.441, 0.003] 63.681
[1.944, 0.61, 0.074, 1.77, -1.441, 0.003] 64.218
[1.973, 0.61, 0.074, 1.77, -1.441, 0.003] 79.478
[2.001, 0.61, 0.074, 1.77, -1.441, 0.003] 63.455
[2.03, 0.61, 0.074, 1.77, -1.441, 0.003] 64.53
[2.059, 0.61, 0.074, 1.77, -1.441, 0.003] 63.078
[2.088, 0.61, 0.074, 1.77, -1.441, 0.003] 79.64
[2.117, 0.61, 0.074, 1.77, -1.441, 0.003] 64.114
[2.145, 0.61, 0.074, 1.77, -1.441, 0.003] 64.386
[2.174, 0.61, 0.074, 1.77, -1.441, 0.003] 64.961
[2.203, 0.61, 0.074, 1.77, -1.441, 0.003] 78.939
[2.232, 0.61, 0.074, 1.77, -1.441, 0.003] 79.417
[2.261, 0.61, 0.074, 1.77, -1.441, 0.003] 56.244
[2.289, 0.61, 0.074, 1.77, -1.441, 0.003] 60.044
[2.318, 0.61, 0.074, 1.77, -1.441, 0.003] 74.562
[2.347, 0.61, 0.074, 1.77, -1.441, 0.003] 50.803
[2.376, 0.61, 0.074, 1.77, -1.441, 0.003] 84.737
[2.405, 0.61, 0.074, 1.77, -1.441, 0.003] 55.789
[2.433, 0.61, 0.074, 1.77, -1.441, 0.003] 64.342
[2.462, 0.61, 0.074, 1.77, -1.441, 0.003] 63.873
[2.48, 0.61, 0.074, 1.77, -1.441, 0.003] 79.066
[2.488, 0.61, 0.074, 1.77, -1.441, 0.003] 64.251
[2.459, 0.581, 0.045, 1.741, -1.412, 0.003] 63.763
[2.43, 0.552, 0.016, 1.712, -1.383, 0.003] 63.917
[2.402, 0.526, -0.012, 1.684, -1.355, 0.003] 79.047
[2.373, 0.512, -0.041, 1.655, -1.326, 0.003] 64.229
[2.344, 0.506, -0.07, 1.626, -1.297, 0.003] 63.219
[2.315, 0.503, -0.099, 1.597, -1.268, 0.003] 64.298
[2.286, 0.501, -0.128, 1.568, -1.239, 0.003] 64.115
[2.258, 0.501, -0.156, 1.54, -1.211, 0.003] 80.321
[2.229, 0.5, -0.185, 1.511, -1.182, 0.003] 63.848
[2.2, 0.5, -0.214, 1.482, -1.153, 0.003] 63.596
[2.171, 0.5, -0.243, 1.453, -1.124, 0.003] 63.779
[2.142, 0.5, -0.272, 1.424, -1.095, 0.003] 78.698
[2.114, 0.5, -0.3, 1.396, -1.067, 0.003] 64.834
[2.085, 0.5, -0.329, 1.367, -1.038, 0.003] 62.693
[2.056, 0.5, -0.358, 1.338, -1.009, 0.003] 63.839
[2.027, 0.5, -0.387, 1.309, -0.98, 0.003] 96.171
[1.998, 0.5, -0.416, 1.28, -0.951, 0.003] 64.201
[1.97, 0.5, -0.444, 1.252, -0.923, 0.003] 48.184
[1.941, 0.5, -0.473, 1.223, -0.894, 0.003] 63.445
[1.912, 0.5, -0.502, 1.194, -0.865, 0.003] 66.708
[1.883, 0.5, -0.531, 1.165, -0.836, 0.003] 69.93
[1.854, 0.5, -0.56, 1.136, -0.807, 0.003] 63.438
[1.826, 0.5, -0.588, 1.108, -0.779, 0.003] 64.015
[1.797, 0.5, -0.617, 1.079, -0.75, 0.003] 49.132
[1.768, 0.5, -0.646, 1.05, -0.721, 0.003] 79.111
[1.739, 0.5, -0.675, 1.021, -0.692, 0.003] 96.263
[1.71, 0.5, -0.704, 0.992, -0.663, 0.003] 63.73
[1.682, 0.5, -0.732, 0.964, -0.635, 0.003] 674.4
[1.653, 0.5, -0.761, 0.935, -0.606, 0.003] 54.076
[1.624, 0.5, -0.79, 0.906, -0.577, 0.003] 79.534
[1.595, 0.5, -0.819, 0.877, -0.548, 0.003] 63.873
[1.566, 0.5, -0.848, 0.848, -0.52, 0.003] 63.896
[1.538, 0.5, -0.876, 0.82, -0.491, 0.003] 58.824
[1.509, 0.5, -0.905, 0.791, -0.462, 0.003] 69.412
[1.48, 0.5, -0.934, 0.762, -0.433, 0.003] 70.544
[1.451, 0.5, -0.963, 0.733, -0.404, 0.003] 73.277
[1.422, 0.5, -0.992, 0.705, -0.376, 0.003] 58.11
[1.394, 0.5, -1.02, 0.676, -0.347, 0.003] 78.25
[1.365, 0.5, -1.049, 0.647, -0.318, 0.003] 59.968
[1.336, 0.5, -1.078, 0.618, -0.289, 0.003] 58.227
[1.307, 0.5, -1.107, 0.589, -0.26, 0.003] 63.853
[1.278, 0.5, -1.136, 0.561, -0.232, 0.003] 79.792
[1.25, 0.5, -1.164, 0.532, -0.203, 0.003] 63.642
[1.221, 0.5, -1.193, 0.503, -0.174, 0.003] 64.386
[1.192, 0.5, -1.221, 0.474, -0.145, 0.003] 63.737
[1.163, 0.5, -1.237, 0.445, -0.116, 0.003] 80.079
[1.134, 0.5, -1.244, 0.417, -0.088, 0.003] 63.537
[1.106, 0.5, -1.247, 0.388, -0.059, 0.003] 52.954
[1.077, 0.5, -1.249, 0.359, -0.031, 0.003] 74.99
[1.048, 0.5, -1.249, 0.33, -0.016, 0.003] 54.859
[1.019, 0.5, -1.25, 0.301, -0.009, 0.003] 72.59
[0.99, 0.5, -1.25, 0.273, -0.006, 0.003] 67.192
[0.962, 0.5, -1.25, 0.244, -0.004, 0.003] 60.173
[0.933, 0.5, -1.25, 0.215, -0.004, 0.003] 64.013
[0.904, 0.5, -1.25, 0.186, -0.003, 0.003] 95.76
[0.875, 0.5, -1.25, 0.157, -0.003, 0.003] 63.413
[0.846, 0.5, -1.25, 0.129, -0.003, 0.003] 64.174
[0.818, 0.5, -1.25, 0.1, -0.003, 0.003] 57.795
[0.789, 0.5, -1.25, 0.071, -0.003, 0.003] 74.953
[0.76, 0.5, -1.25, 0.042, -0.003, 0.003] 72.48
[0.731, 0.5, -1.25, 0.02, -0.003, 0.003] 63.282
[0.702, 0.5, -1.25, 0.009, -0.003, 0.003] 64.189
[0.674, 0.5, -1.25, 0.004, -0.003, 0.003] 62.617
[0.645, 0.5, -1.25, 0.002, -0.003, 0.003] 63.44
[0.616, 0.5, -1.25, 0.001, -0.003, 0.003] 63.877
[0.587, 0.5, -1.25, 0.0, -0.003, 0.003] 220.094
[0.558, 0.5, -1.25, 0.0, -0.003, 0.003] 74.053
[0.53, 0.5, -1.25, 0.0, -0.003, 0.003] 64.111
[0.501, 0.5, -1.25, 0.0, -0.003, 0.003] 47.614
[0.472, 0.5, -1.25, 0.0, -0.003, 0.003] 64.55
[0.443, 0.5, -1.25, 0.0, -0.003, 0.003] 63.581
[0.414, 0.5, -1.25, 0.0, -0.003, 0.003] 76.347
[0.386, 0.5, -1.25, 0.0, -0.003, 0.003] 69.856
[0.357, 0.5, -1.25, 0.0, -0.003, 0.003] 57.288
[0.328, 0.5, -1.25, 0.0, -0.003, 0.003] 68.317
[0.299, 0.5, -1.25, 0.0, -0.003, 0.003] 54.507
[0.27, 0.5, -1.25, 0.0, -0.003, 0.003] 72.284
[0.242, 0.5, -1.25, 0.0, -0.003, 0.003] 95.642
[0.213, 0.5, -1.25, 0.0, -0.003, 0.003] 63.961
[0.184, 0.5, -1.25, 0.0, -0.003, 0.003] 48.167
[0.155, 0.5, -1.25, 0.0, -0.003, 0.003] 64.023
[0.126, 0.5, -1.25, 0.0, -0.003, 0.003] 79.929
[0.098, 0.5, -1.25, 0.0, -0.003, 0.003] 63.434
[0.069, 0.5, -1.25, 0.0, -0.003, 0.003] 63.867
[0.04, 0.5, -1.25, 0.0, -0.003, 0.003] 64.506
[0.019, 0.5, -1.25, -0.0, -0.003, 0.003] 80.799
[0.009, 0.5, -1.25, -0.0, -0.003, 0.003] 78.819
[0.004, 0.471, -1.221, -0.0, -0.001, 0.001] 64.558
[0.002, 0.442, -1.192, -0.0, -0.001, 0.001] 63.242
[0.001, 0.414, -1.164, 0.0, -0.0, 0.0] 64.297
[0.0, 0.385, -1.135, -0.0, -0.0, 0.0] 82.193
[0.0, 0.356, -1.106, 0.0, -0.0, 0.0] 62.153
[0.0, 0.327, -1.077, -0.0, -0.0, 0.0] 63.943
[0.0, 0.298, -1.048, -0.0, -0.0, 0.0] 60.214
[0.0, 0.27, -1.02, -0.0, -0.0, 0.0] 89.842
[0.0, 0.241, -0.991, -0.0, -0.0, 0.0] 63.702
[0.0, 0.212, -0.962, -0.0, -0.0, 0.0] 63.703
[0.0, 0.183, -0.933, -0.0, -0.0, -0.0] 64.269
[0.0, 0.154, -0.904, -0.0, -0.0, -0.0] 64.256
[0.0, 0.126, -0.876, -0.0, -0.0, -0.0] 64.234
[0.0, 0.097, -0.847, -0.0, -0.0, 0.0] 95.703
[-0.0, 0.068, -0.818, -0.0, -0.0, -0.0] 63.812
[-0.0, 0.039, -0.789, -0.0, -0.0, 0.0] 64.597
[-0.0, 0.018, -0.76, -0.0, -0.0, -0.0] 63.625
[-0.0, 0.008, -0.732, -0.0, -0.0, 0.0] 79.576
[-0.0, 0.004, -0.703, -0.0, -0.0, 0.0] 63.962
[-0.0, 0.002, -0.674, -0.0, -0.0, -0.0] 63.481
[-0.0, 0.001, -0.645, -0.0, -0.0, -0.0] 63.745
[-0.0, 0.0, -0.616, -0.0, -0.0, 0.0] 63.547
[-0.0, 0.0, -0.588, -0.0, -0.0, -0.0] 95.258
[-0.0, 0.0, -0.559, -0.0, -0.0, -0.0] 64.088
[-0.0, 0.0, -0.53, -0.0, -0.0, -0.0] 64.384
[-0.0, 0.0, -0.501, -0.0, -0.0, -0.0] 63.7
[-0.0, 0.0, -0.472, -0.0, -0.0, -0.0] 80.521
[-0.0, 0.0, -0.444, -0.0, -0.0, -0.0] 63.59
[-0.0, 0.0, -0.415, -0.0, -0.0, -0.0] 64.497
[-0.0, 0.0, -0.386, -0.0, -0.0, -0.0] 63.4
[-0.0, -0.0, -0.357, -0.0, -0.0, -0.0] 79.529
[-0.0, -0.0, -0.328, -0.0, -0.0, -0.0] 63.727
[-0.0, -0.0, -0.3, -0.0, -0.0, -0.0] 63.728
[-0.0, -0.0, -0.271, -0.0, -0.0, -0.0] 63.488
[-0.0, -0.0, -0.242, -0.0, -0.0, -0.0] 79.49
[-0.0, -0.0, -0.213, -0.0, -0.0, -0.0] 64.323
[-0.0, -0.0, -0.184, 0.0, -0.0, -0.0] 64.914
[-0.0, -0.0, -0.156, 0.0, -0.0, -0.0] 62.914
[-0.0, -0.0, -0.127, 0.0, -0.0, -0.0] 63.994
[-0.0, -0.0, -0.098, 0.0, -0.0, -0.0] 95.957
[-0.0, -0.0, -0.069, 0.0, -0.0, -0.0] 47.346
[-0.0, -0.0, -0.04, 0.0, -0.0, -0.0] 63.094
[-0.0, -0.0, -0.019, 0.0, -0.0, -0.0] 63.958
[-0.0, -0.0, -0.009, 0.0, -0.0, -0.0] 79.637
