[-0.0, -0.0, -0.004, 0.0, -0.0, -0.0] 64.456
[0.029, -0.029, 0.025, -0.029, -0.029, 0.002] 64.284
[0.058, -0.058, 0.054, -0.058, -0.058, 0.002] 79.536
[0.078, -0.086, 0.082, -0.086, -0.086, 0.003] 63.705
[0.088, -0.115, 0.111, -0.115, -0.115, 0.003] 64.279
[0.092, -0.144, 0.14, -0.144, -0.144, 0.003] 64.292
[0.094, -0.173, 0.169, -0.173, -0.173, 0.003] 79.87
[0.095, -0.202, 0.198, -0.202, -0.202, 0.003] 64.307
[0.096, -0.23, 0.226, -0.23, -0.23, 0.003] 64.073
[0.096, -0.259, 0.255, -0.259, -0.259, 0.003] 62.147
[0.096, -0.288, 0.284, -0.288, -0.288, 0.003] 63.727
[0.096, -0.317, 0.313, -0.317, -0.317, 0.003] 95.327
[0.096, -0.346, 0.342, -0.346, -0.345, 0.003] 63.708
[0.096, -0.374, 0.37, -0.374, -0.374, 0.003] 63.589
[0.096, -0.403, 0.399, -0.403, -0.403, 0.003] 63.176
[0.096, -0.432, 0.428, -0.432, -0.432, 0.003] 80.022
[0.096, -0.461, 0.457, -0.461, -0.461, 0.003] 63.578
[0.096, -0.49, 0.486, -0.49, -0.489, 0.003] 64.351
[0.096, -0.518, 0.514, -0.518, -0.518, 0.003] 63.629
[0.096, -0.547, 0.543, -0.547, -0.547, 0.003] 64.251
[0.096, -0.571, 0.572, -0.576, -0.576, 0.003] 96.234
[0.096, -0.582, 0.601, -0.605, -0.605, 0.003] 63.816
[0.096, -0.588, 0.63, -0.634, -0.633, 0.003] 63.951
[0.096, -0.59, 0.653, -0.662, -0.662, 0.003] 64.407
[0.096, -0.591, 0.664, -0.691, -0.691, 0.003] 63.843
[0.096, -0.592, 0.669, -0.72, -0.72, 0.003] 79.896
[0.096, -0.592, 0.671, -0.749, -0.749, 0.003] 63.542
[0.096, -0.592, 0.672, -0.778, -0.777, 0.003] 48.563
[0.096, -0.592, 0.673, -0.806, -0.806, 0.003] 79.658
[0.096, -0.592, 0.673, -0.835, -0.835, 0.003] 80.176
[0.096, -0.592, 0.673, -0.864, -0.864, 0.003] 64.314
[0.096, -0.592, 0.673, -0.893, -0.893, 0.003] 63.714
[0.096, -0.592, 0.673, -0.922, -0.921, 0.003] 63.065
[0.096, -0.592, 0.673, -0.95, -0.95, 0.003] 80.476
[0.096, -0.592, 0.673, -0.979, -0.979, 0.003] 63.296
[0.096, -0.592, 0.673, -1.008, -1.008, 0.003] 63.196
[0.096, -0.592, 0.673, -1.037, -1.037, 0.003] 79.986
[0.096, -0.592, 0.673, -1.066, -1.065, 0.003] 63.414
[0.096, -0.592, 0.673, -1.094, -1.094, 0.003] 63.844
[0.096, -0.592, 0.673, -1.123, -1.123, 0.003] 64.287
[0.096, -0.592, 0.673, -1.152, -1.152, 0.003] 64.28
[0.096, -0.592, 0.673, -1.181, -1.181, 0.003] 79.849
[0.096, -0.592, 0.673, -1.21, -1.209, 0.003] 64.243
[0.096, -0.592, 0.673, -1.238, -1.238, 0.003] 63.769
[0.096, -0.592, 0.673, -1.267, -1.267, 0.003] 62.66
[0.096, -0.592, 0.673, -1.296, -1.296, 0.003] 95.591
[0.096, -0.592, 0.673, -1.325, -1.325, 0.003] 63.851
[0.096, -0.592, 0.673, -1.354, -1.353, 0.003] 64.202
[0.096, -0.592, 0.673, -1.382, -1.382, 0.003] 63.469
[0.096, -0.592, 0.673, -1.411, -1.411, 0.003] 63.9
[0.096, -0.592, 0.673, -1.44, -1.44, 0.003] 79.868
[0.096, -0.592, 0.673, -1.469, -1.469, 0.003] 63.923
[0.096, -0.592, 0.673, -1.498, -1.485, 0.003] 63.649
[0.096, -0.592, 0.673, -1.526, -1.492, 0.003] 63.05
[0.096, -0.592, 0.673, -1.555, -1.496, 0.003] 80.504
[0.096, -0.592, 0.673, -1.584, -1.498, 0.003] 63.241
[0.096, -0.592, 0.673, -1.613, -1.498, 0.003] 64.092
[0.096, -0.592, 0.673, -1.642, -1.499, 0.003] 64.238
[0.096, -0.592, 0.673, -1.67, -1.499, 0.003] 79.996
[0.096, -0.592, 0.673, -1.699, -1.499, 0.003] 64.048
[0.096, -0.592, 0.673, -1.72, -1.499, 0.003] 47.989
[0.096, -0.592, 0.673, -1.73, -1.499, 0.003] 79.72
[0.067, -0.592, 0.644, -1.701, -1.47, 0.003] 80.415
[0.038, -0.592, 0.615, -1.672, -1.441, 0.003] 63.71
[0.01, -0.592, 0.587, -1.643, -1.413, 0.003] 64.167
[-0.019, -0.592, 0.558, -1.615, -1.384, 0.003] 63.858
[-0.048, -0.592, 0.529, -1.586, -1.355, 0.003] 80.899
[-0.077, -0.592, 0.5, -1.557, -1.326, 0.003] 79.381
[-0.106, -0.592, 0.471, -1.528, -1.297, 0.003] 64.044
[-0.134, -0.592, 0.443, -1.499, -1.269, 0.003] 64.006
[-0.163, -0.592, 0.414, -1.471, -1.24, 0.003] 63.502
[-0.192, -0.592, 0.385, -1.442, -1.211, 0.003] 64.438
[-0.221, -0.592, 0.356, -1.413, -1.182, 0.003] 80.075
[-0.25, -0.592, 0.327, -1.384, -1.153, 0.003] 62.935
[-0.278, -0.592, 0.299, -1.355, -1.125, 0.003] 64.196
[-0.307, -0.592, 0.27, -1.327, -1.096, 0.003] 64.573
[-0.336, -0.592, 0.241, -1.298, -1.067, 0.003] 96.046
[-0.365, -0.592, 0.212, -1.269, -1.038, 0.003] 64.241
[-0.394, -0.592, 0.183, -1.24, -1.009, 0.003] 64.169
[-0.422, -0.592, 0.155, -1.211, -0.981, 0.003] 48.158
[-0.451, -0.592, 0.126, -1.183, -0.952, 0.003] 63.339
[-0.48, -0.592, 0.097, -1.154, -0.923, 0.003] 79.807
[-0.509, -0.592, 0.068, -1.125, -0.894, 0.003] 64.422
[-0.538, -0.592, 0.039, -1.096, -0.865, 0.003] 63.757
[-0.566, -0.592, 0.011, -1.067, -0.837, 0.003] 64.056
[-0.595, -0.592, -0.018, -1.039, -0.808, 0.003] 80.294
[-0.624, -0.592, -0.047, -1.01, -0.78, 0.003] 63.899
[-0.653, -0.592, -0.064, -0.981, -0.764, 0.003] 65.843
[-0.682, -0.592, -0.072, -0.952, -0.756, 0.003] 62.139
[-0.71, -0.592, -0.076, -0.923, -0.753, 0.003] 63.801
[-0.739, -0.592, -0.078, -0.895, -0.751, 0.003] 95.794
[-0.768, -0.592, -0.078, -0.866, -0.751, 0.003] 64.204
[-0.797, -0.592, -0.079, -0.837, -0.75, 0.003] 64.421
[-0.826, -0.592, -0.079, -0.808, -0.75, 0.003] 63.864
[-0.854, -0.592, -0.079, -0.779, -0.75, 0.003] 62.893
[-0.883, -0.592, -0.079, -0.751, -0.75, 0.003] 95.02
[-0.912, -0.592, -0.079, -0.722, -0.75, 0.003] 63.806
[-0.941, -0.592, -0.079, -0.693, -0.75, 0.003] 64.146
[-0.97, -0.592, -0.079, -0.664, -0.75, 0.003] 62.664
[-0.998, -0.592, -0.079, -0.635, -0.75, 0.003] 63.2
[-1.027, -0.592, -0.079, -0.607, -0.75, 0.003] 79.966
[-1.056, -0.592, -0.079, -0.578, -0.75, 0.003] 80.048
[-1.085, -0.592, -0.079, -0.549, -0.75, 0.003] 64.075
[-1.114, -0.592, -0.079, -0.52, -0.75, 0.003] 63.573
[-1.142, -0.592, -0.079, -0.491, -0.75, 0.003] 64.527
[-1.171, -0.592, -0.079, -0.463, -0.75, 0.003] 78.293
[-1.2, -0.592, -0.079, -0.434, -0.75, 0.003] 63.99
[-1.227, -0.592, -0.079, -0.405, -0.75, 0.003] 63.56
[-1.241, -0.592, -0.079, -0.376, -0.75, 0.003] 63.934
[-1.247, -0.592, -0.079, -0.347, -0.75, 0.003] 79.442
[-1.25, -0.592, -0.079, -0.319, -0.75, 0.003] 62.793
[-1.252, -0.592, -0.079, -0.29, -0.75, 0.003] 64.07
[-1.252, -0.592, -0.079, -0.261, -0.75, 0.003] 63.862
[-1.253, -0.592, -0.079, -0.232, -0.75, 0.003] 80.615
[-1.253, -0.592, -0.079, -0.203, -0.75, 0.003] 63.811
[-1.253, -0.592, -0.079, -0.175, -0.75, 0.003] 63.783
[-1.253, -0.592, -0.079, -0.146, -0.75, 0.003] 64.154
[-1.253, -0.592, -0.079, -0.117, -0.75, 0.003] 79.957
[-1.253, -0.592, -0.079, -0.088, -0.75, 0.003] 79.91
[-1.253, -0.592, -0.079, -0.07, -0.75, 0.003] 63.686
[-1.253, -0.592, -0.079, -0.061, -0.75, 0.003] 63.673
[-1.224, -0.563, -0.05, -0.033, -0.779, 0.003] 64.375
[-1.195, -0.534, -0.021, -0.004, -0.808, 0.003] 64.372
[-1.167, -0.506, 0.007, 0.025, -0.836, 0.003] 79.379
[-1.138, -0.477, 0.036, 0.054, -0.865, 0.003] 79.575
[-1.109, -0.448, 0.057, 0.083, -0.894, 0.003] 64.999
[-1.08, -0.419, 0.066, 0.111, -0.923, 0.003] 62.939
[-1.051, -0.39, 0.07, 0.14, -0.952, 0.003] 63.516
[-1.023, -0.362, 0.072, 0.169, -0.98, 0.003] 63.691
[-0.994, -0.333, 0.073, 0.198, -1.009, 0.003] 79.754
[-0.965, -0.304, 0.074, 0.227, -1.038, 0.003] 80.114
[-0.936, -0.275, 0.074, 0.255, -1.067, 0.003] 64.189
[-0.907, -0.246, 0.074, 0.284, -1.096, 0.003] 63.727
[-0.879, -0.218, 0.074, 0.313, -1.124, 0.003] 64.409
[-0.85, -0.189, 0.074, 0.342, -1.153, 0.003] 97.289
[-0.821, -0.16, 0.074, 0.371, -1.182, 0.003] 62.23
[-0.792, -0.131, 0.074, 0.399, -1.211, 0.003] 64.257
[-0.763, -0.102, 0.074, 0.428, -1.24, 0.003] 63.893
[-0.735, -0.074, 0.074, 0.457, -1.268, 0.003] 64.075
[-0.706, -0.045, 0.074, 0.486, -1.297, 0.003] 79.166
[-0.677, -0.016, 0.074, 0.515, -1.326, 0.003] 62.861
[-0.648, 0.013, 0.074, 0.543, -1.355, 0.003] 63.857
[-0.619, 0.042, 0.074, 0.572, -1.384, 0.003] 63.648
[-0.591, 0.07, 0.074, 0.601, -1.412, 0.003] 80.061
[-0.562, 0.099, 0.074, 0.63, -1.427, 0.003] 64.263
[-0.533, 0.128, 0.074, 0.659, -1.435, 0.003] 63.803
[-0.504, 0.157, 0.074, 0.687, -1.438, 0.003] 64.25
[-0.475, 0.186, 0.074, 0.716, -1.44, 0.003] 79.442
[-0.447, 0.214, 0.074, 0.745, -1.44, 0.003] 79.586
[-0.418, 0.243, 0.074, 0.774, -1.441, 0.003] 64.696
[-0.389, 0.272, 0.074, 0.803, -1.441, 0.003] 62.924
[-0.36, 0.301, 0.074, 0.831, -1.441, 0.003] 63.813
[-0.331, 0.33, 0.074, 0.86, -1.441, 0.003] 79.036
[-0.303, 0.358, 0.074, 0.889, -1.441, 0.003] 64.112
[-0.274, 0.387, 0.074, 0.918, -1.441, 0.003] 64.227
[-0.245, 0.416, 0.074, 0.947, -1.441, 0.003] 64.301
[-0.216, 0.445, 0.074, 0.975, -1.441, 0.003] 79.461
[-0.187, 0.474, 0.074, 1.004, -1.441, 0.003] 63.233
[-0.159, 0.502, 0.074, 1.033, -1.441, 0.003] 63.65
[-0.13, 0.531, 0.074, 1.062, -1.441, 0.003] 63.361
[-0.101, 0.56, 0.074, 1.091, -1.441, 0.003] 80.007
[-0.072, 0.586, 0.074, 1.119, -1.441, 0.003] 64.035
[-0.043, 0.599, 0.074, 1.148, -1.441, 0.003] 63.591
[-0.015, 0.605, 0.074, 1.177, -1.441, 0.003] 64.15
[0.014, 0.608, 0.074, 1.206, -1.441, 0.003] 95.12
[0.043, 0.609, 0.074, 1.235, -1.441, 0.003] 63.149
[0.072, 0.609, 0.074, 1.263, -1.441, 0.003] 63.371
[0.101, 0.61, 0.074, 1.292, -1.441, 0.003] 64.782
[0.129, 0.61, 0.074, 1.321, -1.441, 0.003] 63.636
[0.158, 0.61, 0.074, 1.35, -1.441, 0.003] 80.948
[0.187, 0.61, 0.074, 1.379, -1.441, 0.003] 63.199
[0.216, 0.61, 0.074, 1.407, -1.441, 0.003] 63.414
[0.245, 0.61, 0.074, 1.436, -1.441, 0.003] 63.616
[0.273, 0.61, 0.074, 1.465, -1.441, 0.003] 96.986
[0.302, 0.61, 0.074, 1.494, -1.441, 0.003] 62.987
[0.331, 0.61, 0.074, 1.523, -1.441, 0.003] 63.687
[0.36, 0.61, 0.074, 1.551, -1.441, 0.003] 63.041
[0.389, 0.61, 0.074, 1.58, -1.441, 0.003] 63.736
[0.417, 0.61, 0.074, 1.609, -1.441, 0.003] 78.825
[0.446, 0.61, 0.074, 1.638, -1.441, 0.003] 63.631
[0.475, 0.61, 0.074, 1.667, -1.441, 0.003] 47.693
[0.504, 0.61, 0.074, 1.695, -1.441, 0.003] 64.636
[0.533, 0.61, 0.074, 1.724, -1.441, 0.003] 78.805
[0.561, 0.61, 0.074, 1.749, -1.441, 0.003] 63.074
[0.59, 0.61, 0.074, 1.76, -1.441, 0.003] 63.397
[0.619, 0.61, 0.074, 1.765, -1.441, 0.003] 64.187
[0.648, 0.61, 0.074, 1.768, -1.441, 0.003] 80.492
[0.677, 0.61, 0.074, 1.769, -1.441, 0.003] 64.248
[0.705, 0.61, 0.074, 1.77, -1.441, 0.003] 62.975
[0.734, 0.61, 0.074, 1.77, -1.441, 0.003] 64.84
[0.763, 0.61, 0.074, 1.77, -1.441, 0.003] 71.834
[0.792, 0.61, 0.074, 1.77, -1.441, 0.003] 59.859
[0.821, 0.61, 0.074, 1.77, -1.441, 0.003] 59.88
[0.849, 0.61, 0.074, 1.77, -1.441, 0.003] 79.901
[0.878, 0.61, 0.074, 1.77, -1.441, 0.003] 78.43
[0.907, 0.61, 0.074, 1.77, -1.441, 0.003] 63.766
[0.936, 0.61, 0.074, 1.77, -1.441, 0.003] 63.596
[0.965, 0.61, 0.074, 1.77, -1.441, 0.003] 64.233
[0.993, 0.61, 0.074, 1.77, -1.441, 0.003] 70.08
[1.022, 0.61, 0.074, 1.77, -1.441, 0.003] 70.396
[1.051, 0.61, 0.074, 1.77, -1.441, 0.003] 63.743
[1.08, 0.61, 0.074, 1.77, -1.441, 0.003] 64.19
[1.109, 0.61, 0.074, 1.77, -1.441, 0.003] 51.731
[1.137, 0.61, 0.074, 1.77, -1.441, 0.003] 80.066
[1.166, 0.61, 0.074, 1.77, -1.441, 0.003] 75.729
[1.195, 0.61, 0.074, 1.77, -1.441, 0.003] 47.585
[1.224, 0.61, 0.074, 1.77, -1.441, 0.003] 63.815
[1.253, 0.61, 0.074, 1.77, -1.441, 0.003] 79.052
[1.281, 0.61, 0.074, 1.77, -1.441, 0.003] 63.734
[1.31, 0.61, 0.074, 1.77, -1.441, 0.003] 63.567
[1.339, 0.61, 0.074, 1.77, -1.441, 0.003] 64.002
[1.368, 0.61, 0.074, 1.77, -1.441, 0.003] 64.384
[1.397, 0.61, 0.074, 1.77, -1.441, 0.003] 63.664
[1.425, 0.61, 0.074, 1.77, -1.441, 0.003] 80.164
[1.454, 0.61, 0.074, 1.77, -1.441, 0.003] 63.959
[1.483, 0.61, 0.074, 1.77, -1.441, 0.003] 63.941
[1.512, 0.61, 0.074, 1.77, -1.441, 0.003] 64.053
[1.541, 0.61, 0.074, 1.77, -1.441, 0.003] 80.56
[1.569, 0.61, 0.074, 1.77, -1.441, 0.003] 63.776
[1.598, 0.61, 0.074, 1.77, -1.441, 0.003] 63.744
[1.627, 0.61, 0.074, 1.77, -1.441, 0.003] 64.112
[1.656, 0.61, 0.074, 1.77, -1.441, 0.003] 80.277
[1.685, 0.61, 0.074, 1.77, -1.441, 0.003] 65.183
[1.713, 0.61, 0.074, 1.77, -1.441, 0.003] 62.257
[1.742, 0.61, 0.074, 1.77, -1.441, 0.003] 63.99
[1.771, 0.61, 0.074, 1.77, -1.441, 0.003] 64.125
[1.8, 0.61, 0.074, 1.77, -1.441, 0.003] 79.349
[1.829, 0.61, 0.074, 1.77, -1.441, 0.003] 79.018
[1.857, 0.61, 0.074, 1.77, -1.441, 0.003] 63.638
[1.886, 0.61, 0.074, 1.77, -1.441, 0.003] 63.81
[1.915, 0.61, 0.074, 1.77, -1.441, 0.003] 64.635
[1.944, 0.61, 0.074, 1.77, -1.441, 0.003] 73.824
[1.973, 0.61, 0.074, 1.77, -1.441, 0.003] 69.954
[2.001, 0.61, 0.074, 1.77, -1.441, 0.003] 62.071
[2.03, 0.61, 0.074, 1.77, -1.441, 0.003] 57.653
[2.059, 0.61, 0.074, 1.77, -1.441, 0.003] 86.057
[2.088, 0.61, 0.074, 1.77, -1.441, 0.003] 64.212
[2.117, 0.61, 0.074, 1.77, -1.441, 0.003] 63.63
[2.145, 0.61, 0.074, 1.77, -1.441, 0.003] 63.991
[2.174, 0.61, 0.074, 1.77, -1.441, 0.003] 63.877
[2.203, 0.61, 0.074, 1.77, -1.441, 0.003] 80.316
[2.232, 0.61, 0.074, 1.77, -1.441, 0.003] 63.827
[2.261, 0.61, 0.074, 1.77, -1.441, 0.003] 63.46
[2.289, 0.61, 0.074, 1.77, -1.441, 0.003] 62.621
[2.318, 0.61, 0.074, 1.77, -1.441, 0.003] 80.218
[2.347, 0.61, 0.074, 1.77, -1.441, 0.003] 63.727
[2.376, 0.61, 0.074, 1.77, -1.441, 0.003] 64.703
[2.405, 0.61, 0.074, 1.77, -1.441, 0.003] 63.176
[2.433, 0.61, 0.074, 1.77, -1.441, 0.003] 80.022
[2.462, 0.61, 0.074, 1.77, -1.441, 0.003] 79.618
[2.48, 0.61, 0.074, 1.77, -1.441, 0.003] 63.141
[2.488, 0.61, 0.074, 1.77, -1.441, 0.003] 80.609
[2.459, 0.581, 0.045, 1.741, -1.412, 0.003] 63.19
[2.43, 0.552, 0.016, 1.712, -1.383, 0.003] 63.894
[2.402, 0.526, -0.012, 1.684, -1.355, 0.003] 63.256
[2.373, 0.512, -0.041, 1.655, -1.326, 0.003] 63.888
[2.344, 0.506, -0.07, 1.626, -1.297, 0.003] 63.735
[2.315, 0.503, -0.099, 1.597, -1.268, 0.003] 79.375
[2.286, 0.501, -0.128, 1.568, -1.239, 0.003] 79.877
[2.258, 0.501, -0.156, 1.54, -1.211, 0.003] 63.159
[2.229, 0.5, -0.185, 1.511, -1.182, 0.003] 62.718
[2.2, 0.5, -0.214, 1.482, -1.153, 0.003] 63.862
[2.171, 0.5, -0.243, 1.453, -1.124, 0.003] 79.673
[2.142, 0.5, -0.272, 1.424, -1.095, 0.003] 63.781
[2.114, 0.5, -0.3, 1.396, -1.067, 0.003] 80.181
[2.085, 0.5, -0.329, 1.367, -1.038, 0.003] 64.255
[2.056, 0.5, -0.358, 1.338, -1.009, 0.003] 64.545
[2.027, 0.5, -0.387, 1.309, -0.98, 0.003] 63.685
[1.998, 0.5, -0.416, 1.28, -0.951, 0.003] 63.913
[1.97, 0.5, -0.444, 1.252, -0.923, 0.003] 95.993
[1.941, 0.5, -0.473, 1.223, -0.894, 0.003] 63.213
[1.912, 0.5, -0.502, 1.194, -0.865, 0.003] 64.374
[1.883, 0.5, -0.531, 1.165, -0.836, 0.003] 64.98
[1.854, 0.5, -0.56, 1.136, -0.807, 0.003] 78.798
[1.826, 0.5, -0.588, 1.108, -0.779, 0.003] 63.701
[1.797, 0.5, -0.617, 1.079, -0.75, 0.003] 63.825
[1.768, 0.5, -0.646, 1.05, -0.721, 0.003] 64.162
[1.739, 0.5, -0.675, 1.021, -0.692, 0.003] 62.821
[1.71, 0.5, -0.704, 0.992, -0.663, 0.003] 79.941
[1.682, 0.5, -0.732, 0.964, -0.635, 0.003] 64.543
[1.653, 0.5, -0.761, 0.935, -0.606, 0.003] 63.739
[1.624, 0.5, -0.79, 0.906, -0.577, 0.003] 63.77
[1.595, 0.5, -0.819, 0.877, -0.548, 0.003] 79.448
[1.566, 0.5, -0.848, 0.848, -0.52, 0.003] 79.048
[1.538, 0.5, -0.876, 0.82, -0.491, 0.003] 47.854
[1.509, 0.5, -0.905, 0.791, -0.462, 0.003] 63.503
[1.48, 0.5, -0.934, 0.762, -0.433, 0.003] 79.552
[1.451, 0.5, -0.963, 0.733, -0.404, 0.003] 79.996
[1.422, 0.5, -0.992, 0.705, -0.376, 0.003] 63.793
[1.394, 0.5, -1.02, 0.676, -0.347, 0.003] 64.11
[1.365, 0.5, -1.049, 0.647, -0.318, 0.003] 64.667
[1.336, 0.5, -1.078, 0.618, -0.289, 0.003] 80.219
[1.307, 0.5, -1.107, 0.589, -0.26, 0.003] 78.538
[1.278, 0.5, -1.136, 0.561, -0.232, 0.003] 63.566
[1.25, 0.5, -1.164, 0.532, -0.203, 0.003] 64.194
[1.221, 0.5, -1.193, 0.503, -0.174, 0.003] 63.593
[1.192, 0.5, -1.221, 0.474, -0.145, 0.003] 78.695
[1.163, 0.5, -1.237, 0.445, -0.116, 0.003] 79.639
[1.134, 0.5, -1.244, 0.417, -0.088, 0.003] 63.197
[1.106, 0.5, -1.247, 0.388, -0.059, 0.003] 64.713
[1.077, 0.5, -1.249, 0.359, -0.031, 0.003] 63.922
[1.048, 0.5, -1.249, 0.33, -0.016, 0.003] 79.639
[1.019, 0.5, -1.25, 0.301, -0.009, 0.003] 80.259
[0.99, 0.5, -1.25, 0.273, -0.006, 0.003] 63.102
[0.962, 0.5, -1.25, 0.244, -0.004, 0.003] 64.739
[0.933, 0.5, -1.25, 0.215, -0.004, 0.003] 64.872
[0.904, 0.5, -1.25, 0.186, -0.003, 0.003] 79.342
[0.875, 0.5, -1.25, 0.157, -0.003, 0.003] 64.47
[0.846, 0.5, -1.25, 0.129, -0.003, 0.003] 62.484
[0.818, 0.5, -1.25, 0.1, -0.003, 0.003] 64.62
[0.789, 0.5, -1.25, 0.071, -0.003, 0.003] 80.104
[0.76, 0.5, -1.25, 0.042, -0.003, 0.003] 64.767
[0.731, 0.5, -1.25, 0.02, -0.003, 0.003] 63.456
[0.702, 0.5, -1.25, 0.009, -0.003, 0.003] 62.28
[0.674, 0.5, -1.25, 0.004, -0.003, 0.003] 61.893
[0.645, 0.5, -1.25, 0.002, -0.003, 0.003] 92.581
[0.616, 0.5, -1.25, 0.001, -0.003, 0.003] 62.129
[0.587, 0.5, -1.25, 0.0, -0.003, 0.003] 61.907
[0.558, 0.5, -1.25, 0.0, -0.003, 0.003] 59.293
[0.53, 0.5, -1.25, 0.0, -0.003, 0.003] 78.061
[0.501, 0.5, -1.25, 0.0, -0.003, 0.003] 62.148
[0.472, 0.5, -1.25, 0.0, -0.003, 0.003] 62.758
[0.443, 0.5, -1.25, 0.0, -0.003, 0.003] 78.029
[0.414, 0.5, -1.25, 0.0, -0.003, 0.003] 63.278
[0.386, 0.5, -1.25, 0.0, -0.003, 0.003] 60.442
[0.357, 0.5, -1.25, 0.0, -0.003, 0.003] 62.23
[0.328, 0.5, -1.25, 0.0, -0.003, 0.003] 61.724
[0.299, 0.5, -1.25, 0.0, -0.003, 0.003] 79.208
[0.27, 0.5, -1.25, 0.0, -0.003, 0.003] 61.024
[0.242, 0.5, -1.25, 0.0, -0.003, 0.003] 62.447
[0.213, 0.5, -1.25, 0.0, -0.003, 0.003] 63.348
[0.184, 0.5, -1.25, 0.0, -0.003, 0.003] 91.556
[0.155, 0.5, -1.25, 0.0, -0.003, 0.003] 60.708
[0.126, 0.5, -1.25, 0.0, -0.003, 0.003] 60.996
[0.098, 0.5, -1.25, 0.0, -0.003, 0.003] 61.3
[0.069, 0.5, -1.25, 0.0, -0.003, 0.003] 63.701
[0.04, 0.5, -1.25, 0.0, -0.003, 0.003] 77.797
[0.019, 0.5, -1.25, -0.0, -0.003, 0.003] 62.44
[0.009, 0.5, -1.25, -0.0, -0.003, 0.003] 60.815
[0.004, 0.471, -1.221, -0.0, -0.001, 0.001] 61.925
[0.002, 0.442, -1.192, -0.0, -0.001, 0.001] 77.928
[0.001, 0.414, -1.164, 0.0, -0.0, 0.0] 64.657
[0.0, 0.385, -1.135, -0.0, -0.0, 0.0] 61.826
[0.0, 0.356, -1.106, 0.0, -0.0, 0.0] 62.554
[0.0, 0.327, -1.077, -0.0, -0.0, 0.0] 61.045
[0.0, 0.298, -1.048, -0.0, -0.0, 0.0] 77.911
[0.0, 0.27, -1.02, -0.0, -0.0, 0.0] 78.824
[0.0, 0.241, -0.991, -0.0, -0.0, 0.0] 63.297
[0.0, 0.212, -0.962, -0.0, -0.0, 0.0] 61.635
[0.0, 0.183, -0.933, -0.0, -0.0, -0.0] 60.54
[0.0, 0.154, -0.904, -0.0, -0.0, -0.0] 77.989
[0.0, 0.126, -0.876, -0.0, -0.0, -0.0] 62.367
[0.0, 0.097, -0.847, -0.0, -0.0, 0.0] 62.487
[-0.0, 0.068, -0.818, -0.0, -0.0, -0.0] 60.949
[-0.0, 0.039, -0.789, -0.0, -0.0, 0.0] 79.028
[-0.0, 0.018, -0.76, -0.0, -0.0, -0.0] 61.305
[-0.0, 0.008, -0.732, -0.0, -0.0, 0.0] 61.798
[-0.0, 0.004, -0.703, -0.0, -0.0, 0.0] 63.017
[-0.0, 0.002, -0.674, -0.0, -0.0, -0.0] 76.772
[-0.0, 0.001, -0.645, -0.0, -0.0, -0.0] 77.595
[-0.0, 0.0, -0.616, -0.0, -0.0, 0.0] 62.116
[-0.0, 0.0, -0.588, -0.0, -0.0, -0.0] 63.309
[-0.0, 0.0, -0.559, -0.0, -0.0, -0.0] 62.564
[-0.0, 0.0, -0.53, -0.0, -0.0, -0.0] 75.748
[-0.0, 0.0, -0.501, -0.0, -0.0, -0.0] 61.074
[-0.0, 0.0, -0.472, -0.0, -0.0, -0.0] 62.486
[-0.0, 0.0, -0.444, -0.0, -0.0, -0.0] 62.055
[-0.0, 0.0, -0.415, -0.0, -0.0, -0.0] 92.057
[-0.0, 0.0, -0.386, -0.0, -0.0, -0.0] 61.451
[-0.0, -0.0, -0.357, -0.0, -0.0, -0.0] 63.528
[-0.0, -0.0, -0.328, -0.0, -0.0, -0.0] 78.87
[-0.0, -0.0, -0.3, -0.0, -0.0, -0.0] 63.229
[-0.0, -0.0, -0.271, -0.0, -0.0, -0.0] 47.819
[-0.0, -0.0, -0.242, -0.0, -0.0, -0.0] 62.595
[-0.0, -0.0, -0.213, -0.0, -0.0, -0.0] 78.004
[-0.0, -0.0, -0.184, 0.0, -0.0, -0.0] 77.047
[-0.0, -0.0, -0.156, 0.0, -0.0, -0.0] 61.361
[-0.0, -0.0, -0.127, 0.0, -0.0, -0.0] 62.994
[-0.0, -0.0, -0.098, 0.0, -0.0, -0.0] 64.378
[-0.0, -0.0, -0.069, 0.0, -0.0, -0.0] 62.76
[-0.0, -0.0, -0.04, 0.0, -0.0, -0.0] 75.67
[-0.0, -0.0, -0.019, 0.0, -0.0, -0.0] 62.994
[-0.0, -0.0, -0.009, 0.0, -0.0, -0.0] 62.815
