[0.004, -0.0, 0.0, -0.0, -0.0, -0.0] 63.704
[0.033, 0.029, 0.029, 0.029, -0.029, -0.0] 93.66
[0.062, 0.058, 0.058, 0.058, -0.058, -0.0] 63.893
[0.091, 0.086, 0.086, 0.086, -0.086, 0.0] 64.268
[0.119, 0.115, 0.115, 0.115, -0.115, 0.0] 63.834
[0.148, 0.144, 0.144, 0.144, -0.144, 0.0] 63.921
[0.177, 0.173, 0.173, 0.173, -0.173, 0.0] 79.951
[0.206, 0.202, 0.202, 0.202, -0.202, 0.0] 63.874
[0.235, 0.23, 0.23, 0.23, -0.23, 0.0] 63.533
[0.263, 0.259, 0.259, 0.259, -0.259, -0.0] 64.892
[0.292, 0.288, 0.288, 0.288, -0.288, -0.0] 78.274
[0.321, 0.317, 0.317, 0.317, -0.317, -0.0] 63.591
[0.35, 0.346, 0.346, 0.346, -0.346, -0.0] 63.909
[0.379, 0.374, 0.374, 0.374, -0.374, 0.0] 64.115
[0.407, 0.403, 0.403, 0.403, -0.403, 0.0] 80.201
[0.436, 0.432, 0.432, 0.432, -0.432, 0.0] 80.213
[0.465, 0.461, 0.461, 0.461, -0.461, 0.0] 63.171
[0.494, 0.482, 0.482, 0.49, -0.49, -0.0] 63.73
[0.523, 0.492, 0.492, 0.518, -0.518, -0.0] 64.156
[0.551, 0.496, 0.496, 0.547, -0.547, -0.0] 79.884
[0.58, 0.498, 0.498, 0.576, -0.576, 0.0] 63.61
[0.609, 0.499, 0.499, 0.605, -0.605, 0.0] 63.418
[0.638, 0.5, 0.5, 0.634, -0.634, 0.0] 79.474
[0.667, 0.5, 0.5, 0.662, -0.662, 0.0] 63.699
[0.695, 0.5, 0.5, 0.691, -0.691, -0.0] 63.386
[0.724, 0.5, 0.5, 0.72, -0.72, -0.0] 63.373
[0.753, 0.5, 0.5, 0.749, -0.749, 0.0] 63.104
[0.782, 0.5, 0.5, 0.778, -0.778, 0.0] 80.087
[0.811, 0.5, 0.5, 0.806, -0.806, 0.0] 63.491
[0.839, 0.5, 0.5, 0.835, -0.835, -0.0] 64.9
[0.868, 0.5, 0.5, 0.864, -0.864, -0.0] 62.596
[0.897, 0.5, 0.5, 0.893, -0.893, 0.0] 80.022
[0.926, 0.5, 0.5, 0.922, -0.922, 0.0] 57.25
[0.954, 0.5, 0.5, 0.95, -0.95, 0.0] 60.356
[0.983, 0.5, 0.5, 0.979, -0.979, -0.0] 59.987
[1.012, 0.5, 0.5, 1.008, -1.008, -0.0] 69.983
[1.041, 0.5, 0.5, 1.037, -1.037, 0.0] 71.939
[1.07, 0.5, 0.5, 1.066, -1.066, 0.0] 63.904
[1.098, 0.5, 0.5, 1.094, -1.094, 0.0] 65.059
[1.127, 0.5, 0.5, 1.123, -1.123, -0.0] 79.287
[1.156, 0.5, 0.5, 1.152, -1.152, -0.0] 63.128
[1.185, 0.5, 0.5, 1.181, -1.181, 0.0] 63.974
[1.214, 0.5, 0.5, 1.21, -1.21, 0.0] 64.02
[1.242, 0.5, 0.5, 1.238, -1.238, 0.0] 79.611
[1.271, 0.5, 0.5, 1.267, -1.267, -0.0] 64.063
[1.3, 0.5, 0.5, 1.296, -1.296, -0.0] 63.769
[1.329, 0.5, 0.5, 1.325, -1.325, 0.0] 986.008
[1.358, 0.5, 0.5, 1.354, -1.354, 0.0] 85.017
[1.386, 0.5, 0.5, 1.382, -1.382, 0.0] 59.966
[1.415, 0.5, 0.5, 1.411, -1.411, -0.0] 67.904
[1.444, 0.5, 0.5, 1.44, -1.44, -0.0] 52.488
[1.473, 0.5, 0.5, 1.469, -1.469, -0.0] 69.864
[1.502, 0.5, 0.5, 1.498, -1.486, 0.0] 80.181
[1.53, 0.5, 0.5, 1.526, -1.493, 0.0] 69.851
[1.559, 0.5, 0.5, 1.555, -1.497, 0.0] 63.521
[1.588, 0.5, 0.5, 1.584, -1.499, 0.0] 64.29
[1.617, 0.5, 0.5, 1.613, -1.499, -0.0] 63.794
[1.646, 0.5, 0.5, 1.642, -1.5, -0.0] 64.563
[1.674, 0.5, 0.5, 1.67, -1.5, -0.0] 79.6
[1.703, 0.5, 0.5, 1.699, -1.5, 0.0] 64.481
[1.732, 0.5, 0.5, 1.728, -1.5, 0.0] 63.383
[1.761, 0.5, 0.5, 1.757, -1.5, 0.0] 63.673
[1.79, 0.5, 0.5, 1.78, -1.5, 0.0] 82.505
[1.818, 0.5, 0.5, 1.791, -1.5, 0.0] 61.746
[1.847, 0.5, 0.5, 1.796, -1.5, 0.0] 64.217
[1.876, 0.5, 0.5, 1.798, -1.5, -0.0] 64.539
[1.905, 0.5, 0.5, 1.799, -1.5, 0.0] 80.275
[1.934, 0.5, 0.5, 1.8, -1.5, 0.0] 63.149
[1.962, 0.5, 0.5, 1.8, -1.5, 0.0] 62.459
[1.991, 0.5, 0.5, 1.8, -1.5, -0.0] 63.759
[2.02, 0.5, 0.5, 1.8, -1.5, -0.0] 79.917
[2.049, 0.5, 0.5, 1.8, -1.5, 0.0] 63.733
[2.078, 0.5, 0.5, 1.8, -1.5, 0.0] 64.136
[2.106, 0.5, 0.5, 1.8, -1.5, 0.0] 63.729
[2.135, 0.5, 0.5, 1.8, -1.5, 0.0] 64.248
[2.164, 0.5, 0.5, 1.8, -1.5, -0.0] 79.762
[2.193, 0.5, 0.5, 1.8, -1.5, -0.0] 64.61
[2.222, 0.5, 0.5, 1.8, -1.5, 0.0] 63.863
[2.25, 0.5, 0.5, 1.8, -1.5, 0.0] 63.817
[2.279, 0.5, 0.5, 1.8, -1.5, 0.0] 80.002
[2.308, 0.5, 0.5, 1.8, -1.5, -0.0] 64.021
[2.337, 0.5, 0.5, 1.8, -1.5, -0.0] 64.14
[2.366, 0.5, 0.5, 1.8, -1.5, -0.0] 64.069
[2.394, 0.5, 0.5, 1.8, -1.5, 0.0] 79.812
[2.423, 0.5, 0.5, 1.8, -1.5, 0.0] 62.257
[2.452, 0.5, 0.5, 1.8, -1.5, 0.0] 63.589
[2.477, 0.5, 0.5, 1.8, -1.5, -0.0] 79.603
[2.489, 0.5, 0.5, 1.8, -1.5, 0.0] 64.766
[2.495, 0.5, 0.5, 1.8, -1.5, 0.0] 63.048
[2.466, 0.471, 0.471, 1.771, -1.471, 0.029] 63.289
[2.438, 0.442, 0.442, 1.742, -1.442, 0.058] 63.87
[2.409, 0.414, 0.414, 1.714, -1.414, 0.086] 79.661
[2.38, 0.385, 0.385, 1.685, -1.385, 0.115] 63.644
[2.351, 0.356, 0.356, 1.656, -1.356, 0.144] 64.295
[2.322, 0.327, 0.327, 1.627, -1.327, 0.173] 64.265
[2.294, 0.298, 0.298, 1.598, -1.298, 0.202] 79.483
[2.265, 0.27, 0.27, 1.57, -1.27, 0.23] 48.576
[2.236, 0.241, 0.241, 1.541, -1.241, 0.259] 62.98
[2.207, 0.212, 0.212, 1.512, -1.212, 0.288] 95.662
[2.178, 0.183, 0.183, 1.483, -1.183, 0.317] 79.699
[2.15, 0.154, 0.154, 1.454, -1.154, 0.346] 63.28
[2.121, 0.126, 0.126, 1.426, -1.126, 0.374] 64.155
[2.092, 0.097, 0.097, 1.397, -1.097, 0.403] 63.96
[2.063, 0.068, 0.068, 1.368, -1.068, 0.432] 78.738
[2.034, 0.039, 0.039, 1.339, -1.039, 0.461] 64.015
[2.006, 0.01, 0.01, 1.31, -1.01, 0.49] 64.433
[1.977, -0.018, -0.018, 1.282, -0.982, 0.518] 63.121
[1.948, -0.047, -0.047, 1.253, -0.953, 0.547] 79.543
[1.919, -0.076, -0.076, 1.224, -0.924, 0.576] 63.929
[1.89, -0.105, -0.105, 1.195, -0.895, 0.605] 63.643
[1.862, -0.134, -0.134, 1.166, -0.866, 0.634] 63.753
[1.833, -0.162, -0.162, 1.138, -0.838, 0.662] 79.987
[1.804, -0.191, -0.183, 1.109, -0.809, 0.691] 80.865
[1.775, -0.22, -0.192, 1.08, -0.78, 0.72] 64.438
[1.746, -0.249, -0.196, 1.051, -0.764, 0.749] 63.42
[1.718, -0.278, -0.198, 1.022, -0.756, 0.778] 63.267
[1.689, -0.306, -0.199, 0.994, -0.753, 0.806] 79.091
[1.66, -0.335, -0.2, 0.965, -0.751, 0.835] 63.593
[1.631, -0.364, -0.2, 0.936, -0.751, 0.864] 64.572
[1.602, -0.393, -0.2, 0.907, -0.75, 0.893] 63.957
[1.574, -0.422, -0.2, 0.878, -0.75, 0.922] 79.793
[1.545, -0.45, -0.2, 0.85, -0.75, 0.95] 79.43
[1.516, -0.476, -0.2, 0.821, -0.75, 0.979] 64.356
[1.487, -0.489, -0.2, 0.792, -0.75, 1.008] 63.649
[1.458, -0.495, -0.2, 0.763, -0.75, 1.037] 63.508
[1.43, -0.498, -0.2, 0.734, -0.75, 1.066] 81.181
[1.401, -0.499, -0.2, 0.706, -0.75, 1.094] 63.666
[1.372, -0.499, -0.2, 0.677, -0.75, 1.123] 63.725
[1.343, -0.5, -0.2, 0.648, -0.75, 1.152] 63.741
[1.314, -0.5, -0.2, 0.619, -0.75, 1.181] 80.542
[1.286, -0.5, -0.2, 0.59, -0.75, 1.21] 63.236
[1.257, -0.5, -0.2, 0.562, -0.75, 1.238] 64.723
[1.228, -0.5, -0.2, 0.533, -0.75, 1.267] 78.569
[1.199, -0.5, -0.2, 0.504, -0.75, 1.296] 63.754
[1.17, -0.5, -0.2, 0.475, -0.75, 1.325] 63.9
[1.142, -0.5, -0.2, 0.446, -0.75, 1.354] 64.212
[1.113, -0.5, -0.2, 0.418, -0.75, 1.382] 63.708
[1.084, -0.5, -0.2, 0.389, -0.75, 1.411] 79.903
[1.055, -0.5, -0.2, 0.36, -0.75, 1.44] 63.95
[1.026, -0.5, -0.2, 0.331, -0.75, 1.469] 64.16
[0.998, -0.5, -0.2, 0.302, -0.75, 1.498] 48.187
[0.969, -0.5, -0.2, 0.274, -0.75, 1.526] 95.434
[0.94, -0.5, -0.2, 0.245, -0.75, 1.555] 79.521
[0.911, -0.5, -0.2, 0.216, -0.75, 1.584] 63.772
[0.882, -0.5, -0.2, 0.187, -0.75, 1.613] 63.553
[0.854, -0.5, -0.2, 0.158, -0.75, 1.642] 63.16
[0.825, -0.5, -0.2, 0.13, -0.75, 1.67] 79.969
[0.796, -0.5, -0.2, 0.101, -0.75, 1.699] 64.683
[0.767, -0.5, -0.2, 0.072, -0.75, 1.728] 64.669
[0.738, -0.5, -0.2, 0.043, -0.75, 1.757] 62.421
[0.71, -0.5, -0.2, 0.02, -0.75, 1.786] 78.64
[0.681, -0.5, -0.2, 0.009, -0.75, 1.814] 63.784
[0.652, -0.5, -0.2, 0.004, -0.75, 1.843] 64.021
[0.623, -0.5, -0.2, 0.002, -0.75, 1.872] 63.489
[0.594, -0.5, -0.2, 0.001, -0.75, 1.901] 79.988
[0.566, -0.5, -0.2, 0.0, -0.75, 1.93] 63.871
[0.537, -0.5, -0.2, 0.0, -0.75, 1.958] 63.935
[0.508, -0.5, -0.2, 0.0, -0.75, 1.987] 63.664
[0.479, -0.5, -0.2, 0.0, -0.75, 2.016] 78.871
[0.45, -0.5, -0.2, 0.0, -0.75, 2.045] 64.198
[0.422, -0.5, -0.2, 0.0, -0.75, 2.074] 63.793
[0.393, -0.5, -0.2, 0.0, -0.75, 2.102] 64.045
[0.364, -0.5, -0.2, 0.0, -0.75, 2.131] 80.146
[0.335, -0.5, -0.2, -0.0, -0.75, 2.16] 64.43
[0.306, -0.5, -0.2, 0.0, -0.75, 2.189] 64.909
[0.278, -0.5, -0.2, -0.0, -0.75, 2.218] 62.588
[0.249, -0.5, -0.2, -0.0, -0.75, 2.246] 81.023
[0.22, -0.5, -0.2, 0.0, -0.75, 2.273] 64.343
[0.191, -0.5, -0.2, 0.0, -0.75, 2.288] 63.914
[0.162, -0.5, -0.2, 0.0, -0.75, 2.294] 63.075
[0.134, -0.5, -0.2, 0.0, -0.75, 2.297] 80.035
[0.105, -0.5, -0.2, 0.0, -0.75, 2.299] 64.214
[0.076, -0.5, -0.2, 0.0, -0.75, 2.299] 64.157
[0.047, -0.5, -0.2, 0.0, -0.75, 2.3] 63.473
[0.018, -0.5, -0.2, 0.0, -0.75, 2.3] 79.452
[-0.01, -0.5, -0.2, 0.0, -0.75, 2.3] 63.714
[-0.039, -0.5, -0.2, 0.0, -0.75, 2.3] 64.678
[-0.068, -0.5, -0.2, 0.0, -0.75, 2.3] 62.33
[-0.097, -0.5, -0.2, 0.0, -0.75, 2.3] 79.655
[-0.126, -0.5, -0.2, 0.0, -0.75, 2.3] 64.385
[-0.154, -0.5, -0.2, 0.0, -0.75, 2.3] 64.15
[-0.183, -0.5, -0.2, 0.0, -0.75, 2.3] 63.671
[-0.212, -0.5, -0.2, 0.0, -0.75, 2.3] 64.18
[-0.241, -0.5, -0.2, 0.0, -0.75, 2.3] 95.286
[-0.27, -0.5, -0.2, 0.0, -0.75, 2.3] 63.851
[-0.298, -0.5, -0.2, 0.0, -0.75, 2.3] 64.623
[-0.327, -0.5, -0.2, 0.0, -0.75, 2.3] 64.458
[-0.356, -0.5, -0.2, 0.0, -0.75, 2.3] 78.632
[-0.385, -0.5, -0.2, -0.0, -0.75, 2.3] 63.048
[-0.414, -0.5, -0.2, -0.0, -0.75, 2.3] 64.422
[-0.442, -0.5, -0.2, -0.0, -0.75, 2.3] 63.332
[-0.471, -0.5, -0.2, -0.0, -0.75, 2.3] 64.327
[-0.5, -0.5, -0.2, -0.0, -0.75, 2.3] 96.312
[-0.529, -0.5, -0.2, -0.0, -0.75, 2.3] 63.526
[-0.558, -0.5, -0.2, -0.0, -0.75, 2.3] 63.48
[-0.586, -0.5, -0.2, -0.0, -0.75, 2.3] 47.805
[-0.615, -0.5, -0.2, -0.0, -0.75, 2.3] 78.973
[-0.644, -0.5, -0.2, -0.0, -0.75, 2.3] 94.869
[-0.673, -0.5, -0.2, -0.0, -0.75, 2.3] 79.008
[-0.702, -0.5, -0.2, -0.0, -0.75, 2.3] 63.68
[-0.73, -0.5, -0.2, -0.0, -0.75, 2.3] 64.304
[-0.759, -0.5, -0.2, -0.0, -0.75, 2.3] 63.708
[-0.788, -0.5, -0.2, -0.0, -0.75, 2.3] 80.385
[-0.817, -0.5, -0.2, -0.0, -0.75, 2.3] 64.092
[-0.846, -0.5, -0.2, -0.0, -0.75, 2.3] 63.767
[-0.874, -0.5, -0.2, -0.0, -0.75, 2.3] 63.997
[-0.903, -0.5, -0.2, -0.0, -0.75, 2.3] 64.213
[-0.932, -0.5, -0.2, -0.0, -0.75, 2.3] 95.295
[-0.961, -0.5, -0.2, -0.0, -0.75, 2.3] 63.509
[-0.99, -0.5, -0.2, -0.0, -0.75, 2.3] 64.054
[-1.018, -0.5, -0.2, -0.0, -0.75, 2.3] 63.572
[-1.047, -0.5, -0.2, -0.0, -0.75, 2.3] 80.217
[-1.076, -0.5, -0.2, -0.0, -0.75, 2.3] 64.201
[-1.105, -0.5, -0.2, -0.0, -0.75, 2.3] 62.928
[-1.134, -0.5, -0.2, 0.0, -0.75, 2.3] 63.83
[-1.162, -0.5, -0.2, 0.0, -0.75, 2.3] 63.238
[-1.191, -0.5, -0.2, 0.0, -0.75, 2.3] 79.888
[-1.22, -0.5, -0.2, 0.0, -0.75, 2.3] 64.156
[-1.249, -0.5, -0.2, 0.0, -0.75, 2.3] 47.64
[-1.275, -0.5, -0.2, 0.0, -0.75, 2.3] 80.329
[-1.288, -0.5, -0.2, 0.0, -0.75, 2.3] 95.122
[-1.295, -0.5, -0.2, 0.0, -0.75, 2.3] 79.538
[-1.266, -0.471, -0.229, 0.0, -0.721, 2.3] 64.173
[-1.237, -0.442, -0.258, 0.0, -0.692, 2.3] 63.434
[-1.208, -0.414, -0.286, 0.0, -0.664, 2.3] 64.028
[-1.179, -0.385, -0.315, 0.0, -0.635, 2.3] 78.869
[-1.151, -0.356, -0.344, 0.0, -0.606, 2.3] 64.097
[-1.122, -0.327, -0.373, 0.0, -0.577, 2.3] 63.296
[-1.093, -0.298, -0.402, 0.0, -0.548, 2.3] 63.563
[-1.064, -0.27, -0.43, 0.0, -0.52, 2.3] 78.646
[-1.035, -0.241, -0.459, 0.0, -0.491, 2.3] 63.595
[-1.016, -0.212, -0.488, 0.0, -0.462, 2.3] 63.836
[-1.008, -0.183, -0.517, 0.0, -0.433, 2.3] 64.098
[-1.004, -0.154, -0.546, 0.0, -0.405, 2.3] 64.76
[-1.002, -0.126, -0.574, -0.0, -0.376, 2.3] 95.314
[-1.001, -0.097, -0.603, -0.0, -0.347, 2.3] 63.52
[-1.0, -0.068, -0.632, -0.0, -0.318, 2.3] 64.975
[-1.0, -0.039, -0.661, -0.0, -0.289, 2.3] 63.114
[-1.0, -0.01, -0.69, -0.0, -0.261, 2.3] 80.838
[-1.0, 0.018, -0.718, -0.0, -0.232, 2.3] 63.237
[-1.0, 0.047, -0.747, -0.0, -0.203, 2.3] 63.91
[-1.0, 0.076, -0.776, -0.0, -0.174, 2.3] 48.708
[-1.0, 0.105, -0.805, -0.0, -0.145, 2.3] 80.005
[-1.0, 0.134, -0.834, -0.0, -0.117, 2.3] 78.529
[-1.0, 0.162, -0.862, -0.0, -0.088, 2.3] 63.688
[-1.0, 0.183, -0.891, -0.0, -0.059, 2.3] 63.631
[-1.0, 0.192, -0.92, -0.0, -0.03, 2.3] 80.543
[-1.0, 0.196, -0.949, -0.0, -0.001, 2.3] 63.603
[-1.0, 0.198, -0.978, -0.0, 0.027, 2.3] 64.187
[-1.0, 0.199, -1.006, -0.0, 0.056, 2.3] 63.622
[-1.0, 0.2, -1.035, -0.0, 0.085, 2.3] 79.578
[-1.0, 0.2, -1.064, -0.0, 0.114, 2.3] 63.816
[-1.0, 0.2, -1.093, -0.0, 0.143, 2.3] 49.149
[-1.0, 0.2, -1.122, 0.0, 0.171, 2.3] 79.621
[-1.0, 0.2, -1.15, 0.0, 0.2, 2.3] 78.382
[-1.0, 0.2, -1.176, 0.0, 0.229, 2.3] 64.401
[-1.0, 0.2, -1.189, 0.0, 0.258, 2.3] 63.68
[-1.0, 0.2, -1.195, 0.0, 0.287, 2.3] 79.434
[-1.0, 0.2, -1.198, 0.0, 0.315, 2.3] 64.519
[-1.0, 0.2, -1.199, 0.0, 0.344, 2.3] 64.432
[-1.0, 0.2, -1.199, 0.0, 0.373, 2.3] 62.829
[-1.0, 0.2, -1.2, 0.0, 0.402, 2.3] 63.671
[-1.0, 0.2, -1.2, 0.0, 0.431, 2.3] 79.207
[-1.0, 0.2, -1.2, 0.0, 0.459, 2.3] 63.55
[-1.0, 0.2, -1.2, 0.0, 0.488, 2.3] 64.377
[-1.0, 0.2, -1.2, 0.0, 0.517, 2.3] 62.915
[-1.0, 0.2, -1.2, 0.0, 0.546, 2.3] 79.854
[-1.0, 0.2, -1.2, 0.0, 0.575, 2.3] 63.856
[-1.0, 0.2, -1.2, 0.0, 0.603, 2.3] 64.108
[-1.0, 0.2, -1.2, 0.0, 0.632, 2.3] 62.945
[-1.0, 0.2, -1.2, 0.0, 0.661, 2.3] 94.87
[-1.0, 0.2, -1.2, 0.0, 0.69, 2.3] 63.19
[-1.0, 0.2, -1.2, 0.0, 0.719, 2.3] 63.183
[-1.0, 0.2, -1.2, 0.0, 0.747, 2.3] 64.143
[-1.0, 0.2, -1.2, 0.0, 0.776, 2.3] 64.28
[-1.0, 0.2, -1.2, 0.0, 0.805, 2.3] 80.493
[-1.0, 0.2, -1.2, 0.0, 0.834, 2.3] 63.759
[-1.0, 0.2, -1.2, 0.0, 0.863, 2.3] 63.98
[-1.0, 0.2, -1.2, 0.0, 0.891, 2.3] 63.744
[-1.0, 0.2, -1.2, 0.0, 0.92, 2.3] 79.926
[-1.0, 0.2, -1.2, -0.0, 0.949, 2.3] 64.333
[-1.0, 0.2, -1.2, -0.0, 0.975, 2.3] 64.757
[-1.0, 0.2, -1.2, -0.0, 0.988, 2.3] 63.184
[-1.0, 0.2, -1.2, -0.0, 0.995, 2.3] 80.495
[-0.971, 0.2, -1.171, 0.029, 0.966, 2.271] 79.379
[-0.942, 0.2, -1.142, 0.058, 0.937, 2.242] 48.373
[-0.914, 0.2, -1.114, 0.086, 0.908, 2.214] 63.808
[-0.885, 0.2, -1.085, 0.115, 0.879, 2.185] 79.884
[-0.856, 0.2, -1.056, 0.144, 0.851, 2.156] 62.719
[-0.827, 0.2, -1.027, 0.173, 0.822, 2.127] 64.881
[-0.798, 0.2, -0.998, 0.202, 0.793, 2.098] 62.109
[-0.77, 0.2, -0.97, 0.23, 0.764, 2.07] 72.779
[-0.741, 0.2, -0.941, 0.259, 0.736, 2.041] 69.998
[-0.712, 0.2, -0.912, 0.288, 0.707, 2.012] 57.495
[-0.683, 0.2, -0.883, 0.317, 0.678, 1.983] 62.272
[-0.654, 0.2, -0.854, 0.346, 0.649, 1.954] 60.016
[-0.626, 0.2, -0.826, 0.374, 0.62, 1.926] 80.059
[-0.597, 0.2, -0.797, 0.403, 0.592, 1.897] 65.144
[-0.568, 0.2, -0.768, 0.432, 0.563, 1.868] 64.783
[-0.539, 0.2, -0.739, 0.461, 0.534, 1.839] 72.181
[-0.51, 0.2, -0.71, 0.49, 0.505, 1.81] 67.899
[-0.482, 0.2, -0.682, 0.518, 0.476, 1.782] 59.79
[-0.453, 0.2, -0.653, 0.547, 0.448, 1.753] 63.615
[-0.424, 0.2, -0.624, 0.576, 0.419, 1.724] 63.868
[-0.395, 0.2, -0.595, 0.605, 0.39, 1.695] 79.003
[-0.366, 0.2, -0.566, 0.634, 0.361, 1.666] 63.682
[-0.338, 0.2, -0.538, 0.662, 0.332, 1.638] 63.595
[-0.309, 0.2, -0.509, 0.691, 0.304, 1.609] 63.576
[-0.28, 0.2, -0.48, 0.72, 0.275, 1.58] 78.614
[-0.251, 0.2, -0.451, 0.749, 0.246, 1.551] 64.06
[-0.222, 0.2, -0.422, 0.778, 0.217, 1.522] 63.744
[-0.194, 0.2, -0.394, 0.806, 0.188, 1.494] 64.202
[-0.165, 0.2, -0.365, 0.835, 0.16, 1.465] 79.936
[-0.136, 0.2, -0.336, 0.864, 0.131, 1.436] 80.072
[-0.107, 0.2, -0.307, 0.893, 0.102, 1.407] 64.129
[-0.078, 0.2, -0.278, 0.922, 0.073, 1.378] 721.074
[-0.05, 0.2, -0.25, 0.95, 0.044, 1.35] 56.901
[-0.021, 0.2, -0.221, 0.979, 0.016, 1.321] 71.022
[0.008, 0.2, -0.192, 1.008, -0.013, 1.292] 68.977
[0.037, 0.2, -0.163, 1.037, -0.042, 1.263] 70.042
[0.066, 0.2, -0.134, 1.066, -0.071, 1.234] 59.953
[0.094, 0.2, -0.106, 1.094, -0.1, 1.206] 60.003
[0.123, 0.2, -0.077, 1.123, -0.128, 1.177] 74.71
[0.152, 0.2, -0.048, 1.152, -0.157, 1.148] 78.725
[0.181, 0.2, -0.019, 1.181, -0.186, 1.119] 64.102
[0.21, 0.2, 0.01, 1.209, -0.215, 1.09] 62.978
[0.238, 0.2, 0.038, 1.238, -0.244, 1.062] 63.954
[0.267, 0.2, 0.067, 1.267, -0.272, 1.033] 79.234
[0.285, 0.2, 0.096, 1.296, -0.301, 1.004] 64.322
[0.293, 0.2, 0.125, 1.325, -0.33, 0.975] 63.43
[0.297, 0.2, 0.154, 1.353, -0.359, 0.946] 63.922
[0.298, 0.2, 0.182, 1.382, -0.388, 0.918] 64.762
[0.299, 0.2, 0.211, 1.411, -0.416, 0.889] 79.661
[0.3, 0.2, 0.24, 1.44, -0.445, 0.86] 77.93
[0.3, 0.2, 0.269, 1.469, -0.474, 0.831] 64.956
[0.3, 0.2, 0.298, 1.497, -0.503, 0.802] 63.489
[0.3, 0.2, 0.326, 1.526, -0.532, 0.774] 79.596
[0.3, 0.2, 0.355, 1.555, -0.56, 0.745] 64.578
[0.3, 0.2, 0.384, 1.584, -0.589, 0.716] 63.32
[0.3, 0.2, 0.413, 1.613, -0.618, 0.687] 64.213
[0.3, 0.2, 0.442, 1.641, -0.647, 0.658] 64.224
[0.3, 0.2, 0.47, 1.67, -0.676, 0.63] 80.062
[0.3, 0.2, 0.499, 1.699, -0.704, 0.601] 64.127
[0.3, 0.2, 0.528, 1.728, -0.733, 0.572] 64.698
[0.3, 0.2, 0.557, 1.757, -0.762, 0.543] 62.989
[0.3, 0.2, 0.586, 1.785, -0.791, 0.515] 80.128
[0.3, 0.2, 0.614, 1.814, -0.82, 0.486] 95.304
[0.3, 0.2, 0.643, 1.843, -0.848, 0.457] 63.64
[0.3, 0.2, 0.672, 1.871, -0.877, 0.428] 62.91
[0.3, 0.2, 0.701, 1.887, -0.906, 0.399] 64.465
[0.3, 0.2, 0.73, 1.894, -0.935, 0.371] 63.622
[0.3, 0.2, 0.758, 1.897, -0.964, 0.342] 80.616
[0.3, 0.2, 0.787, 1.899, -0.992, 0.313] 63.611
[0.3, 0.2, 0.816, 1.899, -1.021, 0.284] 63.85
[0.3, 0.2, 0.845, 1.9, -1.05, 0.255] 63.663
[0.3, 0.2, 0.874, 1.9, -1.079, 0.227] 79.006
[0.3, 0.2, 0.902, 1.9, -1.108, 0.198] 63.128
[0.3, 0.2, 0.931, 1.9, -1.136, 0.169] 48.806
[0.3, 0.2, 0.96, 1.9, -1.165, 0.14] 63.321
[0.3, 0.2, 0.989, 1.9, -1.194, 0.111] 79.931
[0.3, 0.2, 1.018, 1.9, -1.223, 0.083] 63.566
[0.3, 0.2, 1.046, 1.9, -1.252, 0.054] 63.809
[0.3, 0.2, 1.075, 1.9, -1.28, 0.027] 62.966
[0.3, 0.2, 1.104, 1.9, -1.309, 0.012] 79.81
[0.3, 0.2, 1.133, 1.9, -1.338, 0.006] 64.47
[0.3, 0.2, 1.162, 1.9, -1.367, 0.003] 63.311
[0.3, 0.2, 1.182, 1.9, -1.385, 0.001] 64.26
[0.3, 0.2, 1.192, 1.9, -1.393, 0.001] 79.474
[0.329, 0.171, 1.163, 1.871, -1.364, 0.029] 64.278
[0.358, 0.142, 1.134, 1.842, -1.335, 0.058] 78.169
[0.386, 0.114, 1.105, 1.814, -1.316, 0.087] 63.83
[0.415, 0.085, 1.077, 1.785, -1.308, 0.116] 63.667
[0.444, 0.056, 1.048, 1.756, -1.303, 0.145] 64.02
[0.473, 0.027, 1.019, 1.727, -1.302, 0.173] 64.336
[0.502, -0.002, 0.99, 1.698, -1.301, 0.202] 63.15
[0.53, -0.03, 0.961, 1.67, -1.3, 0.231] 96.904
[0.559, -0.059, 0.933, 1.641, -1.3, 0.26] 63.427
[0.588, -0.088, 0.904, 1.612, -1.3, 0.289] 62.978
[0.617, -0.117, 0.875, 1.583, -1.3, 0.317] 63.951
[0.646, -0.146, 0.846, 1.554, -1.3, 0.346] 64.421
[0.674, -0.174, 0.817, 1.526, -1.3, 0.375] 63.091
[0.703, -0.203, 0.789, 1.497, -1.3, 0.404] 80.041
[0.732, -0.232, 0.76, 1.468, -1.3, 0.433] 64.072
[0.761, -0.261, 0.731, 1.439, -1.3, 0.461] 80.212
[0.79, -0.282, 0.702, 1.41, -1.3, 0.49] 63.959
[0.818, -0.292, 0.673, 1.382, -1.3, 0.519] 63.792
[0.847, -0.296, 0.645, 1.353, -1.3, 0.548] 64.503
[0.876, -0.298, 0.616, 1.324, -1.3, 0.577] 63.478
[0.905, -0.299, 0.587, 1.295, -1.3, 0.605] 80.312
[0.934, -0.3, 0.558, 1.266, -1.3, 0.634] 63.44
[0.962, -0.3, 0.53, 1.238, -1.3, 0.663] 63.675
[0.991, -0.3, 0.514, 1.209, -1.3, 0.692] 64.77
[1.02, -0.3, 0.506, 1.18, -1.3, 0.721] 78.356
[1.049, -0.3, 0.503, 1.151, -1.3, 0.749] 63.522
[1.078, -0.3, 0.501, 1.122, -1.3, 0.778] 63.821
[1.106, -0.3, 0.501, 1.094, -1.3, 0.807] 64.256
[1.135, -0.3, 0.5, 1.065, -1.3, 0.836] 79.945
[1.164, -0.3, 0.5, 1.036, -1.3, 0.865] 63.316
[1.193, -0.3, 0.5, 1.007, -1.3, 0.893] 64.015
[1.222, -0.3, 0.5, 0.978, -1.3, 0.922] 79.993
[1.25, -0.3, 0.5, 0.95, -1.3, 0.951] 63.8
[1.279, -0.3, 0.5, 0.921, -1.3, 0.976] 63.876
[1.308, -0.3, 0.5, 0.892, -1.3, 0.989] 64.892
[1.337, -0.3, 0.5, 0.863, -1.3, 0.995] 62.101
[1.366, -0.3, 0.5, 0.834, -1.3, 0.998] 79.958
[1.394, -0.3, 0.5, 0.806, -1.3, 0.999] 79.736
[1.423, -0.3, 0.5, 0.777, -1.3, 1.0] 64.448
[1.452, -0.3, 0.5, 0.748, -1.3, 1.0] 64.093
[1.481, -0.3, 0.5, 0.719, -1.3, 1.0] 63.396
[1.51, -0.3, 0.5, 0.691, -1.3, 1.0] 64.283
[1.538, -0.3, 0.5, 0.662, -1.3, 1.0] 79.791
[1.567, -0.3, 0.5, 0.633, -1.3, 1.0] 63.967
[1.596, -0.3, 0.5, 0.604, -1.3, 1.0] 64.665
[1.625, -0.3, 0.5, 0.575, -1.3, 1.0] 63.575
[1.654, -0.3, 0.5, 0.547, -1.3, 1.0] 95.221
[1.682, -0.3, 0.5, 0.518, -1.3, 1.0] 64.912
[1.711, -0.3, 0.5, 0.489, -1.3, 1.0] 61.517
[1.74, -0.3, 0.5, 0.46, -1.3, 1.0] 64.321
[1.769, -0.3, 0.5, 0.431, -1.3, 1.0] 64.062
[1.798, -0.3, 0.5, 0.403, -1.3, 1.0] 79.951
[1.826, -0.3, 0.5, 0.374, -1.3, 1.0] 62.945
[1.855, -0.3, 0.5, 0.345, -1.3, 1.0] 63.053
[1.884, -0.3, 0.5, 0.316, -1.3, 1.0] 64.183
[1.913, -0.3, 0.5, 0.287, -1.3, 1.0] 79.813
[1.942, -0.3, 0.5, 0.259, -1.3, 1.0] 63.302
[1.97, -0.3, 0.5, 0.23, -1.3, 1.0] 63.204
[1.986, -0.3, 0.5, 0.201, -1.3, 1.0] 63.611
[1.994, -0.3, 0.5, 0.172, -1.3, 1.0] 79.975
[1.997, -0.3, 0.5, 0.143, -1.3, 1.0] 79.219
[1.999, -0.3, 0.5, 0.115, -1.3, 1.0] 63.81
[1.999, -0.3, 0.5, 0.086, -1.3, 1.0] 64.392
[2.0, -0.3, 0.5, 0.057, -1.3, 1.0] 63.84
[2.0, -0.3, 0.5, 0.028, -1.3, 1.0] 80.065
[2.0, -0.3, 0.5, -0.001, -1.3, 1.0] 63.842
[2.0, -0.3, 0.5, -0.029, -1.3, 1.0] 64.815
[2.0, -0.3, 0.5, -0.058, -1.3, 1.0] 62.029
[2.0, -0.3, 0.5, -0.087, -1.3, 1.0] 63.97
[2.0, -0.3, 0.5, -0.116, -1.3, 1.0] 80.131
[2.0, -0.3, 0.5, -0.145, -1.3, 1.0] 63.945
[2.0, -0.3, 0.5, -0.173, -1.3, 1.0] 79.111
[2.0, -0.3, 0.5, -0.202, -1.3, 1.0] 63.06
[2.0, -0.3, 0.5, -0.231, -1.3, 1.0] 63.973
[2.0, -0.3, 0.5, -0.26, -1.3, 1.0] 63.887
[2.0, -0.3, 0.5, -0.289, -1.3, 1.0] 63.105
[2.0, -0.3, 0.5, -0.317, -1.3, 1.0] 96.189
[2.0, -0.3, 0.5, -0.346, -1.3, 1.0] 62.755
[2.0, -0.3, 0.5, -0.375, -1.3, 1.0] 63.638
[2.0, -0.3, 0.5, -0.404, -1.3, 1.0] 64.729
[2.0, -0.3, 0.5, -0.433, -1.3, 1.0] 47.841
[2.0, -0.3, 0.5, -0.461, -1.3, 1.0] 94.868
[2.0, -0.3, 0.5, -0.49, -1.3, 1.0] 79.849
[2.0, -0.3, 0.5, -0.519, -1.3, 1.0] 64.358
[2.0, -0.3, 0.5, -0.548, -1.3, 1.0] 63.056
[2.0, -0.3, 0.5, -0.577, -1.3, 1.0] 79.935
[2.0, -0.3, 0.5, -0.605, -1.3, 1.0] 63.617
[2.0, -0.3, 0.5, -0.634, -1.3, 1.0] 63.712
[2.0, -0.3, 0.5, -0.663, -1.3, 1.0] 63.793
[2.0, -0.3, 0.5, -0.692, -1.3, 1.0] 63.539
[2.0, -0.3, 0.5, -0.721, -1.3, 1.0] 78.938
[2.0, -0.3, 0.5, -0.749, -1.3, 1.0] 79.687
[2.0, -0.3, 0.5, -0.778, -1.3, 1.0] 48.35
[2.0, -0.3, 0.5, -0.807, -1.3, 1.0] 63.709
[2.0, -0.3, 0.5, -0.836, -1.3, 1.0] 96.327
[2.0, -0.3, 0.5, -0.865, -1.3, 1.0] 63.82
[2.0, -0.3, 0.5, -0.893, -1.3, 1.0] 64.397
[2.0, -0.3, 0.5, -0.922, -1.3, 1.0] 63.86
[2.0, -0.3, 0.5, -0.951, -1.3, 1.0] 80.046
[2.0, -0.3, 0.5, -0.98, -1.3, 1.0] 64.781
[2.0, -0.3, 0.5, -1.009, -1.3, 1.0] 62.8
[2.0, -0.3, 0.5, -1.037, -1.3, 1.0] 64.342
[2.0, -0.3, 0.5, -1.066, -1.3, 1.0] 64.231
[2.0, -0.3, 0.5, -1.095, -1.3, 1.0] 80.271
[2.0, -0.3, 0.5, -1.124, -1.3, 1.0] 62.751
[2.0, -0.3, 0.5, -1.153, -1.3, 1.0] 62.912
[2.0, -0.3, 0.5, -1.181, -1.3, 1.0] 79.915
[2.0, -0.3, 0.5, -1.21, -1.3, 1.0] 64.173
[2.0, -0.3, 0.5, -1.239, -1.3, 1.0] 63.147
[2.0, -0.3, 0.5, -1.268, -1.3, 1.0] 64.31
[2.0, -0.3, 0.5, -1.297, -1.3, 1.0] 80.378
[2.0, -0.3, 0.5, -1.325, -1.3, 1.0] 79.68
[2.0, -0.3, 0.5, -1.354, -1.3, 1.0] 64.112
[2.0, -0.3, 0.5, -1.383, -1.3, 1.0] 63.985
[2.0, -0.3, 0.5, -1.412, -1.3, 1.0] 79.795
[2.0, -0.3, 0.5, -1.441, -1.3, 1.0] 64.399
[2.0, -0.3, 0.5, -1.469, -1.3, 1.0] 63.9
[2.0, -0.3, 0.5, -1.498, -1.3, 1.0] 64.595
[2.0, -0.3, 0.5, -1.527, -1.3, 1.0] 63.386
[2.0, -0.3, 0.5, -1.556, -1.3, 1.0] 80.156
[2.0, -0.3, 0.5, -1.585, -1.3, 1.0] 79.804
[2.0, -0.3, 0.5, -1.613, -1.3, 1.0] 63.819
[2.0, -0.3, 0.5, -1.642, -1.3, 1.0] 64.518
[2.0, -0.3, 0.5, -1.671, -1.3, 1.0] 63.647
[2.0, -0.3, 0.5, -1.7, -1.3, 1.0] 96.39
[2.0, -0.3, 0.5, -1.726, -1.3, 1.0] 64.177
[2.0, -0.3, 0.5, -1.739, -1.3, 1.0] 63.446
[2.0, -0.3, 0.5, -1.745, -1.3, 1.0] 64.842
[1.971, -0.271, 0.471, -1.716, -1.271, 0.971] 63.637
[1.942, -0.242, 0.442, -1.687, -1.242, 0.942] 79.621
[1.914, -0.214, 0.414, -1.658, -1.214, 0.914] 63.03
[1.885, -0.185, 0.385, -1.63, -1.185, 0.885] 62.782
[1.856, -0.156, 0.356, -1.601, -1.156, 0.856] 64.258
[1.827, -0.127, 0.327, -1.572, -1.127, 0.827] 80.029
[1.798, -0.098, 0.298, -1.543, -1.098, 0.798] 63.663
[1.77, -0.07, 0.27, -1.514, -1.07, 0.77] 64.493
[1.741, -0.041, 0.241, -1.486, -1.041, 0.741] 63.836
[1.712, -0.019, 0.212, -1.457, -1.012, 0.712] 79.611
[1.683, -0.009, 0.183, -1.428, -0.983, 0.683] 80.449
[1.654, -0.004, 0.154, -1.399, -0.954, 0.654] 63.712
[1.626, -0.002, 0.126, -1.37, -0.926, 0.626] 63.807
[1.597, -0.001, 0.097, -1.342, -0.897, 0.597] 64.225
[1.568, -0.0, 0.068, -1.313, -0.868, 0.568] 79.954
[1.539, -0.0, 0.039, -1.284, -0.839, 0.539] 63.651
[1.51, -0.0, 0.018, -1.255, -0.81, 0.51] 65.138
[1.482, -0.0, 0.008, -1.226, -0.782, 0.482] 63.295
[1.453, -0.0, 0.004, -1.198, -0.753, 0.453] 79.524
[1.424, -0.0, 0.002, -1.169, -0.724, 0.424] 78.731
[1.395, -0.0, 0.001, -1.14, -0.695, 0.395] 64.248
[1.366, -0.0, 0.0, -1.111, -0.666, 0.366] 63.192
[1.338, 0.0, 0.0, -1.082, -0.638, 0.338] 64.265
[1.309, 0.0, 0.0, -1.054, -0.609, 0.309] 80.48
[1.28, -0.0, 0.0, -1.025, -0.58, 0.28] 63.793
[1.251, 0.0, 0.0, -0.996, -0.551, 0.251] 63.742
[1.222, -0.0, 0.0, -0.967, -0.522, 0.222] 63.499
[1.194, -0.0, 0.0, -0.938, -0.494, 0.194] 79.976
[1.165, -0.0, 0.0, -0.91, -0.465, 0.165] 63.907
[1.136, -0.0, 0.0, -0.881, -0.436, 0.136] 63.396
[1.107, -0.0, -0.0, -0.852, -0.407, 0.107] 63.369
[1.078, -0.0, 0.0, -0.823, -0.378, 0.078] 79.718
[1.05, -0.0, 0.0, -0.794, -0.35, 0.05] 64.335
[1.021, -0.0, 0.0, -0.766, -0.321, 0.024] 63.855
[0.992, -0.0, 0.0, -0.737, -0.292, 0.011] 63.711
[0.963, -0.0, 0.0, -0.708, -0.263, 0.005] 79.127
[0.934, -0.0, 0.0, -0.679, -0.234, 0.002] 63.264
[0.906, -0.0, 0.0, -0.65, -0.206, 0.001] 64.025
[0.877, -0.0, 0.0, -0.622, -0.177, 0.001] 64.533
[0.848, -0.0, 0.0, -0.593, -0.148, 0.0] 80.345
[0.819, -0.0, 0.0, -0.564, -0.119, 0.0] 63.172
[0.79, -0.0, 0.0, -0.535, -0.09, 0.0] 64.65
[0.762, -0.0, 0.0, -0.506, -0.062, 0.0] 65.098
[0.733, -0.0, 0.0, -0.478, -0.033, 0.0] 77.39
[0.704, -0.0, 0.0, -0.449, -0.015, 0.0] 63.719
[0.675, -0.0, 0.0, -0.42, -0.007, 0.0] 63.996
[0.646, -0.0, 0.0, -0.391, -0.003, -0.0] 62.945
[0.618, -0.0, 0.0, -0.362, -0.002, -0.0] 79.823
[0.589, -0.0, 0.0, -0.334, -0.001, 0.0] 64.223
[0.56, -0.0, 0.0, -0.305, -0.0, -0.0] 63.947
[0.531, -0.0, 0.0, -0.276, -0.0, -0.0] 63.903
[0.502, -0.0, 0.0, -0.247, -0.0, 0.0] 80.434
[0.474, -0.0, 0.0, -0.218, -0.0, 0.0] 63.67
[0.445, -0.0, 0.0, -0.19, 0.0, -0.0] 64.13
[0.416, -0.0, 0.0, -0.161, -0.0, 0.0] 63.354
[0.387, -0.0, 0.0, -0.132, 0.0, -0.0] 80.985
[0.358, -0.0, 0.0, -0.103, -0.0, 0.0] 62.806
[0.33, -0.0, 0.0, -0.074, 0.0, 0.0] 63.432
[0.301, -0.0, 0.0, -0.046, 0.0, -0.0] 62.814
[0.272, -0.0, 0.0, -0.021, -0.0, 0.0] 95.831
[0.243, -0.0, 0.0, -0.01, -0.0, 0.0] 63.621
[0.214, -0.0, 0.0, -0.005, 0.0, 0.0] 63.644
[0.186, -0.0, 0.0, -0.002, 0.0, 0.0] 62.839
[0.157, -0.0, 0.0, -0.001, -0.0, -0.0] 64.437
[0.128, -0.0, 0.0, -0.0, -0.0, -0.0] 80.046
[0.099, -0.0, 0.0, -0.0, 0.0, -0.0] 63.853
[0.07, -0.0, 0.0, -0.0, -0.0, -0.0] 64.204
[0.042, -0.0, 0.0, -0.0, -0.0, -0.0] 62.841
[0.019, -0.0, 0.0, -0.0, -0.0, -0.0] 94.741
[0.009, -0.0, 0.0, -0.0, -0.0, -0.0] 64.697
