[0.004, -0.0, 0.0, -0.0, -0.0, -0.0] 63.936
[0.033, 0.029, 0.029, 0.029, -0.029, -0.0] 63.847
[0.062, 0.058, 0.058, 0.058, -0.058, -0.0] 63.989
[0.091, 0.086, 0.086, 0.086, -0.086, 0.0] 79.653
[0.119, 0.115, 0.115, 0.115, -0.115, 0.0] 63.648
[0.148, 0.144, 0.144, 0.144, -0.144, 0.0] 63.435
[0.177, 0.173, 0.173, 0.173, -0.173, 0.0] 64.476
[0.206, 0.202, 0.202, 0.202, -0.202, 0.0] 79.833
[0.235, 0.23, 0.23, 0.23, -0.23, 0.0] 63.556
[0.263, 0.259, 0.259, 0.259, -0.259, -0.0] 64.337
[0.292, 0.288, 0.288, 0.288, -0.288, -0.0] 63.85
[0.321, 0.317, 0.317, 0.317, -0.317, -0.0] 79.013
[0.35, 0.346, 0.346, 0.346, -0.346, -0.0] 64.223
[0.379, 0.374, 0.374, 0.374, -0.374, 0.0] 63.88
[0.407, 0.403, 0.403, 0.403, -0.403, 0.0] 63.719
[0.436, 0.432, 0.432, 0.432, -0.432, 0.0] 79.917
[0.465, 0.461, 0.461, 0.461, -0.461, 0.0] 64.133
[0.494, 0.482, 0.482, 0.49, -0.49, -0.0] 64.183
[0.523, 0.492, 0.492, 0.518, -0.518, -0.0] 63.867
[0.551, 0.496, 0.496, 0.547, -0.547, -0.0] 80.133
[0.58, 0.498, 0.498, 0.576, -0.576, 0.0] 63.412
[0.609, 0.499, 0.499, 0.605, -0.605, 0.0] 63.495
[0.638, 0.5, 0.5, 0.634, -0.634, 0.0] 64.173
[0.667, 0.5, 0.5, 0.662, -0.662, 0.0] 79.1
[0.695, 0.5, 0.5, 0.691, -0.691, -0.0] 63.675
[0.724, 0.5, 0.5, 0.72, -0.72, -0.0] 63.775
[0.753, 0.5, 0.5, 0.749, -0.749, 0.0] 63.286
[0.782, 0.5, 0.5, 0.778, -0.778, 0.0] 63.955
[0.811, 0.5, 0.5, 0.806, -0.806, 0.0] 94.895
[0.839, 0.5, 0.5, 0.835, -0.835, -0.0] 62.738
[0.868, 0.5, 0.5, 0.864, -0.864, -0.0] 62.76
[0.897, 0.5, 0.5, 0.893, -0.893, 0.0] 63.798
[0.926, 0.5, 0.5, 0.922, -0.922, 0.0] 79.079
[0.954, 0.5, 0.5, 0.95, -0.95, 0.0] 63.889
[0.983, 0.5, 0.5, 0.979, -0.979, -0.0] 64.277
[1.012, 0.5, 0.5, 1.008, -1.008, -0.0] 63.67
[1.041, 0.5, 0.5, 1.037, -1.037, 0.0] 77.944
[1.07, 0.5, 0.5, 1.066, -1.066, 0.0] 79.982
[1.098, 0.5, 0.5, 1.094, -1.094, 0.0] 63.742
[1.127, 0.5, 0.5, 1.123, -1.123, -0.0] 62.903
[1.156, 0.5, 0.5, 1.152, -1.152, -0.0] 62.083
[1.185, 0.5, 0.5, 1.181, -1.181, 0.0] 63.826
[1.214, 0.5, 0.5, 1.21, -1.21, 0.0] 79.896
[1.242, 0.5, 0.5, 1.238, -1.238, 0.0] 78.093
[1.271, 0.5, 0.5, 1.267, -1.267, -0.0] 79.136
[1.3, 0.5, 0.5, 1.296, -1.296, -0.0] 62.687
[1.329, 0.5, 0.5, 1.325, -1.325, 0.0] 59.628
[1.358, 0.5, 0.5, 1.354, -1.354, 0.0] 67.27
[1.386, 0.5, 0.5, 1.382, -1.382, 0.0] 58.097
[1.415, 0.5, 0.5, 1.411, -1.411, -0.0] 94.826
[1.444, 0.5, 0.5, 1.44, -1.44, -0.0] 71.416
[1.473, 0.5, 0.5, 1.469, -1.469, -0.0] 58.614
[1.502, 0.5, 0.5, 1.498, -1.486, 0.0] 59.895
[1.53, 0.5, 0.5, 1.526, -1.493, 0.0] 87.99
[1.559, 0.5, 0.5, 1.555, -1.497, 0.0] 64.68
[1.588, 0.5, 0.5, 1.584, -1.499, 0.0] 47.376
[1.617, 0.5, 0.5, 1.613, -1.499, -0.0] 63.507
[1.646, 0.5, 0.5, 1.642, -1.5, -0.0] 79.572
[1.674, 0.5, 0.5, 1.67, -1.5, -0.0] 64.652
[1.703, 0.5, 0.5, 1.699, -1.5, 0.0] 19.817
[1.732, 0.5, 0.5, 1.728, -1.5, 0.0] 63.803
[1.761, 0.5, 0.5, 1.757, -1.5, 0.0] 60.484
[1.79, 0.5, 0.5, 1.78, -1.5, 0.0] 66.375
[1.818, 0.5, 0.5, 1.791, -1.5, 0.0] 63.451
[1.847, 0.5, 0.5, 1.796, -1.5, 0.0] 63.791
[1.876, 0.5, 0.5, 1.798, -1.5, -0.0] 63.675
[1.905, 0.5, 0.5, 1.799, -1.5, 0.0] 79.733
[1.934, 0.5, 0.5, 1.8, -1.5, 0.0] 79.573
[1.962, 0.5, 0.5, 1.8, -1.5, 0.0] 63.5
[1.991, 0.5, 0.5, 1.8, -1.5, -0.0] 63.918
[2.02, 0.5, 0.5, 1.8, -1.5, -0.0] 64.247
[2.049, 0.5, 0.5, 1.8, -1.5, 0.0] 79.795
[2.078, 0.5, 0.5, 1.8, -1.5, 0.0] 63.715
[2.106, 0.5, 0.5, 1.8, -1.5, 0.0] 64.037
[2.135, 0.5, 0.5, 1.8, -1.5, 0.0] 63.942
[2.164, 0.5, 0.5, 1.8, -1.5, -0.0] 80.552
[2.193, 0.5, 0.5, 1.8, -1.5, -0.0] 64.364
[2.222, 0.5, 0.5, 1.8, -1.5, 0.0] 63.387
[2.25, 0.5, 0.5, 1.8, -1.5, 0.0] 63.677
[2.279, 0.5, 0.5, 1.8, -1.5, 0.0] 80.63
[2.308, 0.5, 0.5, 1.8, -1.5, -0.0] 64.078
[2.337, 0.5, 0.5, 1.8, -1.5, -0.0] 63.634
[2.366, 0.5, 0.5, 1.8, -1.5, -0.0] 64.287
[2.394, 0.5, 0.5, 1.8, -1.5, 0.0] 80.256
[2.423, 0.5, 0.5, 1.8, -1.5, 0.0] 63.412
[2.452, 0.5, 0.5, 1.8, -1.5, 0.0] 63.693
[2.477, 0.5, 0.5, 1.8, -1.5, -0.0] 80.764
[2.489, 0.5, 0.5, 1.8, -1.5, 0.0] 62.99
[2.495, 0.5, 0.5, 1.8, -1.5, 0.0] 64.234
[2.466, 0.471, 0.471, 1.771, -1.471, 0.029] 63.782
[2.438, 0.442, 0.442, 1.742, -1.442, 0.058] 64.584
[2.409, 0.414, 0.414, 1.714, -1.414, 0.086] 78.36
[2.38, 0.385, 0.385, 1.685, -1.385, 0.115] 63.575
[2.351, 0.356, 0.356, 1.656, -1.356, 0.144] 64.303
[2.322, 0.327, 0.327, 1.627, -1.327, 0.173] 64.034
[2.294, 0.298, 0.298, 1.598, -1.298, 0.202] 80.068
[2.265, 0.27, 0.27, 1.57, -1.27, 0.23] 63.319
[2.236, 0.241, 0.241, 1.541, -1.241, 0.259] 65.384
[2.207, 0.212, 0.212, 1.512, -1.212, 0.288] 63.333
[2.178, 0.183, 0.183, 1.483, -1.183, 0.317] 79.451
[2.15, 0.154, 0.154, 1.454, -1.154, 0.346] 79.747
[2.121, 0.126, 0.126, 1.426, -1.126, 0.374] 64.359
[2.092, 0.097, 0.097, 1.397, -1.097, 0.403] 64.444
[2.063, 0.068, 0.068, 1.368, -1.068, 0.432] 63.301
[2.034, 0.039, 0.039, 1.339, -1.039, 0.461] 80.686
[2.006, 0.01, 0.01, 1.31, -1.01, 0.49] 63.73
[1.977, -0.018, -0.018, 1.282, -0.982, 0.518] 48.277
[1.948, -0.047, -0.047, 1.253, -0.953, 0.547] 63.533
[1.919, -0.076, -0.076, 1.224, -0.924, 0.576] 95.394
[1.89, -0.105, -0.105, 1.195, -0.895, 0.605] 63.693
[1.862, -0.134, -0.134, 1.166, -0.866, 0.634] 63.035
[1.833, -0.162, -0.162, 1.138, -0.838, 0.662] 64.352
[1.804, -0.191, -0.183, 1.109, -0.809, 0.691] 63.96
[1.775, -0.22, -0.192, 1.08, -0.78, 0.72] 80.378
[1.746, -0.249, -0.196, 1.051, -0.764, 0.749] 62.781
[1.718, -0.278, -0.198, 1.022, -0.756, 0.778] 64.197
[1.689, -0.306, -0.199, 0.994, -0.753, 0.806] 64.061
[1.66, -0.335, -0.2, 0.965, -0.751, 0.835] 80.274
[1.631, -0.364, -0.2, 0.936, -0.751, 0.864] 95.556
[1.602, -0.393, -0.2, 0.907, -0.75, 0.893] 64.394
[1.574, -0.422, -0.2, 0.878, -0.75, 0.922] 63.384
[1.545, -0.45, -0.2, 0.85, -0.75, 0.95] 64.979
[1.516, -0.476, -0.2, 0.821, -0.75, 0.979] 61.809
[1.487, -0.489, -0.2, 0.792, -0.75, 1.008] 80.078
[1.458, -0.495, -0.2, 0.763, -0.75, 1.037] 64.015
[1.43, -0.498, -0.2, 0.734, -0.75, 1.066] 63.717
[1.401, -0.499, -0.2, 0.706, -0.75, 1.094] 63.811
[1.372, -0.499, -0.2, 0.677, -0.75, 1.123] 80.274
[1.343, -0.5, -0.2, 0.648, -0.75, 1.152] 80.43
[1.314, -0.5, -0.2, 0.619, -0.75, 1.181] 63.977
[1.286, -0.5, -0.2, 0.59, -0.75, 1.21] 64.013
[1.257, -0.5, -0.2, 0.562, -0.75, 1.238] 63.356
[1.228, -0.5, -0.2, 0.533, -0.75, 1.267] 96.141
[1.199, -0.5, -0.2, 0.504, -0.75, 1.296] 64.009
[1.17, -0.5, -0.2, 0.475, -0.75, 1.325] 64.493
[1.142, -0.5, -0.2, 0.446, -0.75, 1.354] 64.155
[1.113, -0.5, -0.2, 0.418, -0.75, 1.382] 63.046
[1.084, -0.5, -0.2, 0.389, -0.75, 1.411] 80.497
[1.055, -0.5, -0.2, 0.36, -0.75, 1.44] 80.893
[1.026, -0.5, -0.2, 0.331, -0.75, 1.469] 62.395
[0.998, -0.5, -0.2, 0.302, -0.75, 1.498] 63.869
[0.969, -0.5, -0.2, 0.274, -0.75, 1.526] 78.89
[0.94, -0.5, -0.2, 0.245, -0.75, 1.555] 64.054
[0.911, -0.5, -0.2, 0.216, -0.75, 1.584] 63.277
[0.882, -0.5, -0.2, 0.187, -0.75, 1.613] 63.925
[0.854, -0.5, -0.2, 0.158, -0.75, 1.642] 64.565
[0.825, -0.5, -0.2, 0.13, -0.75, 1.67] 79.996
[0.796, -0.5, -0.2, 0.101, -0.75, 1.699] 80.01
[0.767, -0.5, -0.2, 0.072, -0.75, 1.728] 46.991
[0.738, -0.5, -0.2, 0.043, -0.75, 1.757] 64.113
[0.71, -0.5, -0.2, 0.02, -0.75, 1.786] 95.341
[0.681, -0.5, -0.2, 0.009, -0.75, 1.814] 64.621
[0.652, -0.5, -0.2, 0.004, -0.75, 1.843] 63.959
[0.623, -0.5, -0.2, 0.002, -0.75, 1.872] 79.406
[0.594, -0.5, -0.2, 0.001, -0.75, 1.901] 62.96
[0.566, -0.5, -0.2, 0.0, -0.75, 1.93] 64.034
[0.537, -0.5, -0.2, 0.0, -0.75, 1.958] 63.957
[0.508, -0.5, -0.2, 0.0, -0.75, 1.987] 64.665
[0.479, -0.5, -0.2, 0.0, -0.75, 2.016] 79.918
[0.45, -0.5, -0.2, 0.0, -0.75, 2.045] 62.561
[0.422, -0.5, -0.2, 0.0, -0.75, 2.074] 47.441
[0.393, -0.5, -0.2, 0.0, -0.75, 2.102] 64.016
[0.364, -0.5, -0.2, 0.0, -0.75, 2.131] 79.957
[0.335, -0.5, -0.2, -0.0, -0.75, 2.16] 63.867
[0.306, -0.5, -0.2, 0.0, -0.75, 2.189] 63.208
[0.278, -0.5, -0.2, -0.0, -0.75, 2.218] 80.238
[0.249, -0.5, -0.2, -0.0, -0.75, 2.246] 64.558
[0.22, -0.5, -0.2, 0.0, -0.75, 2.273] 65.002
[0.191, -0.5, -0.2, 0.0, -0.75, 2.288] 63.213
[0.162, -0.5, -0.2, 0.0, -0.75, 2.294] 63.846
[0.134, -0.5, -0.2, 0.0, -0.75, 2.297] 64.019
[0.105, -0.5, -0.2, 0.0, -0.75, 2.299] 79.656
[0.076, -0.5, -0.2, 0.0, -0.75, 2.299] 95.829
[0.047, -0.5, -0.2, 0.0, -0.75, 2.3] 64.113
[0.018, -0.5, -0.2, 0.0, -0.75, 2.3] 63.543
[-0.01, -0.5, -0.2, 0.0, -0.75, 2.3] 64.966
[-0.039, -0.5, -0.2, 0.0, -0.75, 2.3] 62.96
[-0.068, -0.5, -0.2, 0.0, -0.75, 2.3] 79.561
[-0.097, -0.5, -0.2, 0.0, -0.75, 2.3] 79.552
[-0.126, -0.5, -0.2, 0.0, -0.75, 2.3] 63.676
[-0.154, -0.5, -0.2, 0.0, -0.75, 2.3] 64.088
[-0.183, -0.5, -0.2, 0.0, -0.75, 2.3] 63.734
[-0.212, -0.5, -0.2, 0.0, -0.75, 2.3] 79.7
[-0.241, -0.5, -0.2, 0.0, -0.75, 2.3] 63.13
[-0.27, -0.5, -0.2, 0.0, -0.75, 2.3] 63.64
[-0.298, -0.5, -0.2, 0.0, -0.75, 2.3] 63.076
[-0.327, -0.5, -0.2, 0.0, -0.75, 2.3] 78.948
[-0.356, -0.5, -0.2, 0.0, -0.75, 2.3] 80.558
[-0.385, -0.5, -0.2, -0.0, -0.75, 2.3] 63.832
[-0.414, -0.5, -0.2, -0.0, -0.75, 2.3] 53.436
[-0.442, -0.5, -0.2, -0.0, -0.75, 2.3] 73.748
[-0.471, -0.5, -0.2, -0.0, -0.75, 2.3] 79.677
[-0.5, -0.5, -0.2, -0.0, -0.75, 2.3] 64.18
[-0.529, -0.5, -0.2, -0.0, -0.75, 2.3] 62.837
[-0.558, -0.5, -0.2, -0.0, -0.75, 2.3] 63.826
[-0.586, -0.5, -0.2, -0.0, -0.75, 2.3] 80.117
[-0.615, -0.5, -0.2, -0.0, -0.75, 2.3] 78.994
[-0.644, -0.5, -0.2, -0.0, -0.75, 2.3] 64.152
[-0.673, -0.5, -0.2, -0.0, -0.75, 2.3] 63.216
[-0.702, -0.5, -0.2, -0.0, -0.75, 2.3] 63.596
[-0.73, -0.5, -0.2, -0.0, -0.75, 2.3] 78.89
[-0.759, -0.5, -0.2, -0.0, -0.75, 2.3] 64.191
[-0.788, -0.5, -0.2, -0.0, -0.75, 2.3] 62.8
[-0.817, -0.5, -0.2, -0.0, -0.75, 2.3] 79.907
[-0.846, -0.5, -0.2, -0.0, -0.75, 2.3] 64.157
[-0.874, -0.5, -0.2, -0.0, -0.75, 2.3] 63.463
[-0.903, -0.5, -0.2, -0.0, -0.75, 2.3] 48.205
[-0.932, -0.5, -0.2, -0.0, -0.75, 2.3] 64.08
[-0.961, -0.5, -0.2, -0.0, -0.75, 2.3] 79.977
[-0.99, -0.5, -0.2, -0.0, -0.75, 2.3] 80.219
[-1.018, -0.5, -0.2, -0.0, -0.75, 2.3] 64.047
[-1.047, -0.5, -0.2, -0.0, -0.75, 2.3] 63.672
[-1.076, -0.5, -0.2, -0.0, -0.75, 2.3] 64.224
[-1.105, -0.5, -0.2, -0.0, -0.75, 2.3] 79.703
[-1.134, -0.5, -0.2, 0.0, -0.75, 2.3] 64.135
[-1.162, -0.5, -0.2, 0.0, -0.75, 2.3] 64.214
[-1.191, -0.5, -0.2, 0.0, -0.75, 2.3] 47.737
[-1.22, -0.5, -0.2, 0.0, -0.75, 2.3] 96.215
[-1.249, -0.5, -0.2, 0.0, -0.75, 2.3] 80.487
[-1.275, -0.5, -0.2, 0.0, -0.75, 2.3] 63.383
[-1.288, -0.5, -0.2, 0.0, -0.75, 2.3] 63.517
[-1.295, -0.5, -0.2, 0.0, -0.75, 2.3] 58.638
[-1.266, -0.471, -0.229, 0.0, -0.721, 2.3] 83.91
[-1.237, -0.442, -0.258, 0.0, -0.692, 2.3] 56.441
[-1.208, -0.414, -0.286, 0.0, -0.664, 2.3] 60.025
[-1.179, -0.385, -0.315, 0.0, -0.635, 2.3] 74.277
[-1.151, -0.356, -0.344, 0.0, -0.606, 2.3] 78.806
[-1.122, -0.327, -0.373, 0.0, -0.577, 2.3] 63.67
[-1.093, -0.298, -0.402, 0.0, -0.548, 2.3] 63.955
[-1.064, -0.27, -0.43, 0.0, -0.52, 2.3] 47.741
[-1.035, -0.241, -0.459, 0.0, -0.491, 2.3] 62.493
[-1.016, -0.212, -0.488, 0.0, -0.462, 2.3] 95.584
[-1.008, -0.183, -0.517, 0.0, -0.433, 2.3] 64.236
[-1.004, -0.154, -0.546, 0.0, -0.405, 2.3] 63.972
[-1.002, -0.126, -0.574, -0.0, -0.376, 2.3] 64.808
[-1.001, -0.097, -0.603, -0.0, -0.347, 2.3] 62.811
[-1.0, -0.068, -0.632, -0.0, -0.318, 2.3] 79.297
[-1.0, -0.039, -0.661, -0.0, -0.289, 2.3] 63.782
[-1.0, -0.01, -0.69, -0.0, -0.261, 2.3] 64.444
[-1.0, 0.018, -0.718, -0.0, -0.232, 2.3] 64.195
[-1.0, 0.047, -0.747, -0.0, -0.203, 2.3] 63.882
[-1.0, 0.076, -0.776, -0.0, -0.174, 2.3] 79.664
[-1.0, 0.105, -0.805, -0.0, -0.145, 2.3] 87.345
[-1.0, 0.134, -0.834, -0.0, -0.117, 2.3] 63.501
[-1.0, 0.162, -0.862, -0.0, -0.088, 2.3] 63.281
[-1.0, 0.183, -0.891, -0.0, -0.059, 2.3] 63.686
[-1.0, 0.192, -0.92, -0.0, -0.03, 2.3] 64.181
[-1.0, 0.196, -0.949, -0.0, -0.001, 2.3] 79.921
[-1.0, 0.198, -0.978, -0.0, 0.027, 2.3] 64.045
[-1.0, 0.199, -1.006, -0.0, 0.056, 2.3] 64.369
[-1.0, 0.2, -1.035, -0.0, 0.085, 2.3] 79.005
[-1.0, 0.2, -1.064, -0.0, 0.114, 2.3] 64.439
[-1.0, 0.2, -1.093, -0.0, 0.143, 2.3] 64.09
[-1.0, 0.2, -1.122, 0.0, 0.171, 2.3] 64.022
[-1.0, 0.2, -1.15, 0.0, 0.2, 2.3] 63.227
[-1.0, 0.2, -1.176, 0.0, 0.229, 2.3] 79.586
[-1.0, 0.2, -1.189, 0.0, 0.258, 2.3] 64.647
[-1.0, 0.2, -1.195, 0.0, 0.287, 2.3] 63.793
[-1.0, 0.2, -1.198, 0.0, 0.315, 2.3] 79.166
[-1.0, 0.2, -1.199, 0.0, 0.344, 2.3] 63.883
[-1.0, 0.2, -1.199, 0.0, 0.373, 2.3] 63.54
[-1.0, 0.2, -1.2, 0.0, 0.402, 2.3] 63.441
[-1.0, 0.2, -1.2, 0.0, 0.431, 2.3] 63.89
[-1.0, 0.2, -1.2, 0.0, 0.459, 2.3] 80.038
[-1.0, 0.2, -1.2, 0.0, 0.488, 2.3] 80.114
[-1.0, 0.2, -1.2, 0.0, 0.517, 2.3] 63.903
[-1.0, 0.2, -1.2, 0.0, 0.546, 2.3] 64.013
[-1.0, 0.2, -1.2, 0.0, 0.575, 2.3] 63.123
[-1.0, 0.2, -1.2, 0.0, 0.603, 2.3] 80.061
[-1.0, 0.2, -1.2, 0.0, 0.632, 2.3] 63.631
[-1.0, 0.2, -1.2, 0.0, 0.661, 2.3] 63.329
[-1.0, 0.2, -1.2, 0.0, 0.69, 2.3] 63.985
[-1.0, 0.2, -1.2, 0.0, 0.719, 2.3] 80.043
[-1.0, 0.2, -1.2, 0.0, 0.747, 2.3] 80.128
[-1.0, 0.2, -1.2, 0.0, 0.776, 2.3] 63.737
[-1.0, 0.2, -1.2, 0.0, 0.805, 2.3] 63.473
[-1.0, 0.2, -1.2, 0.0, 0.834, 2.3] 63.538
[-1.0, 0.2, -1.2, 0.0, 0.863, 2.3] 79.657
[-1.0, 0.2, -1.2, 0.0, 0.891, 2.3] 63.814
[-1.0, 0.2, -1.2, 0.0, 0.92, 2.3] 63.731
[-1.0, 0.2, -1.2, -0.0, 0.949, 2.3] 47.984
[-1.0, 0.2, -1.2, -0.0, 0.975, 2.3] 95.441
[-1.0, 0.2, -1.2, -0.0, 0.988, 2.3] 81.043
[-1.0, 0.2, -1.2, -0.0, 0.995, 2.3] 61.763
[-0.971, 0.2, -1.171, 0.029, 0.966, 2.271] 64.236
[-0.942, 0.2, -1.142, 0.058, 0.937, 2.242] 64.076
[-0.914, 0.2, -1.114, 0.086, 0.908, 2.214] 79.951
[-0.885, 0.2, -1.085, 0.115, 0.879, 2.185] 63.26
[-0.856, 0.2, -1.056, 0.144, 0.851, 2.156] 62.72
[-0.827, 0.2, -1.027, 0.173, 0.822, 2.127] 64.503
[-0.798, 0.2, -0.998, 0.202, 0.793, 2.098] 79.813
[-0.77, 0.2, -0.97, 0.23, 0.764, 2.07] 63.879
[-0.741, 0.2, -0.941, 0.259, 0.736, 2.041] 64.26
[-0.712, 0.2, -0.912, 0.288, 0.707, 2.012] 79.06
[-0.683, 0.2, -0.883, 0.317, 0.678, 1.983] 63.608
[-0.654, 0.2, -0.854, 0.346, 0.649, 1.954] 63.682
[-0.626, 0.2, -0.826, 0.374, 0.62, 1.926] 63.166
[-0.597, 0.2, -0.797, 0.403, 0.592, 1.897] 64.212
[-0.568, 0.2, -0.768, 0.432, 0.563, 1.868] 95.772
[-0.539, 0.2, -0.739, 0.461, 0.534, 1.839] 64.051
[-0.51, 0.2, -0.71, 0.49, 0.505, 1.81] 64.484
[-0.482, 0.2, -0.682, 0.518, 0.476, 1.782] 63.782
[-0.453, 0.2, -0.653, 0.547, 0.448, 1.753] 63.479
[-0.424, 0.2, -0.624, 0.576, 0.419, 1.724] 63.674
[-0.395, 0.2, -0.595, 0.605, 0.39, 1.695] 78.981
[-0.366, 0.2, -0.566, 0.634, 0.361, 1.666] 95.389
[-0.338, 0.2, -0.538, 0.662, 0.332, 1.638] 64.808
[-0.309, 0.2, -0.509, 0.691, 0.304, 1.609] 63.432
[-0.28, 0.2, -0.48, 0.72, 0.275, 1.58] 63.994
[-0.251, 0.2, -0.451, 0.749, 0.246, 1.551] 63.936
[-0.222, 0.2, -0.422, 0.778, 0.217, 1.522] 79.694
[-0.194, 0.2, -0.394, 0.806, 0.188, 1.494] 79.887
[-0.165, 0.2, -0.365, 0.835, 0.16, 1.465] 65.168
[-0.136, 0.2, -0.336, 0.864, 0.131, 1.436] 63.595
[-0.107, 0.2, -0.307, 0.893, 0.102, 1.407] 63.781
[-0.078, 0.2, -0.278, 0.922, 0.073, 1.378] 95.856
[-0.05, 0.2, -0.25, 0.95, 0.044, 1.35] 64.5
[-0.021, 0.2, -0.221, 0.979, 0.016, 1.321] 63.877
[0.008, 0.2, -0.192, 1.008, -0.013, 1.292] 63.968
[0.037, 0.2, -0.163, 1.037, -0.042, 1.263] 63.479
[0.066, 0.2, -0.134, 1.066, -0.071, 1.234] 80.444
[0.094, 0.2, -0.106, 1.094, -0.1, 1.206] 64.236
[0.123, 0.2, -0.077, 1.123, -0.128, 1.177] 63.858
[0.152, 0.2, -0.048, 1.152, -0.157, 1.148] 47.658
[0.181, 0.2, -0.019, 1.181, -0.186, 1.119] 96.173
[0.21, 0.2, 0.01, 1.209, -0.215, 1.09] 80.159
[0.238, 0.2, 0.038, 1.238, -0.244, 1.062] 63.666
[0.267, 0.2, 0.067, 1.267, -0.272, 1.033] 63.842
[0.285, 0.2, 0.096, 1.296, -0.301, 1.004] 64.193
[0.293, 0.2, 0.125, 1.325, -0.33, 0.975] 79.968
[0.297, 0.2, 0.154, 1.353, -0.359, 0.946] 64.186
[0.298, 0.2, 0.182, 1.382, -0.388, 0.918] 63.519
[0.299, 0.2, 0.211, 1.411, -0.416, 0.889] 63.709
[0.3, 0.2, 0.24, 1.44, -0.445, 0.86] 80.084
[0.3, 0.2, 0.269, 1.469, -0.474, 0.831] 80.001
[0.3, 0.2, 0.298, 1.497, -0.503, 0.802] 64.797
[0.3, 0.2, 0.326, 1.526, -0.532, 0.774] 63.755
[0.3, 0.2, 0.355, 1.555, -0.56, 0.745] 63.989
[0.3, 0.2, 0.384, 1.584, -0.589, 0.716] 80.146
[0.3, 0.2, 0.413, 1.613, -0.618, 0.687] 63.524
[0.3, 0.2, 0.442, 1.641, -0.647, 0.658] 65.192
[0.3, 0.2, 0.47, 1.67, -0.676, 0.63] 63.37
[0.3, 0.2, 0.499, 1.699, -0.704, 0.601] 63.753
[0.3, 0.2, 0.528, 1.728, -0.733, 0.572] 96.249
[0.3, 0.2, 0.557, 1.757, -0.762, 0.543] 63.629
[0.3, 0.2, 0.586, 1.785, -0.791, 0.515] 64.889
[0.3, 0.2, 0.614, 1.814, -0.82, 0.486] 63.148
[0.3, 0.2, 0.643, 1.843, -0.848, 0.457] 79.807
[0.3, 0.2, 0.672, 1.871, -0.877, 0.428] 64.315
[0.3, 0.2, 0.701, 1.887, -0.906, 0.399] 64.078
[0.3, 0.2, 0.73, 1.894, -0.935, 0.371] 64.125
[0.3, 0.2, 0.758, 1.897, -0.964, 0.342] 79.208
[0.3, 0.2, 0.787, 1.899, -0.992, 0.313] 62.979
[0.3, 0.2, 0.816, 1.899, -1.021, 0.284] 63.763
[0.3, 0.2, 0.845, 1.9, -1.05, 0.255] 64.129
[0.3, 0.2, 0.874, 1.9, -1.079, 0.227] 79.906
[0.3, 0.2, 0.902, 1.9, -1.108, 0.198] 79.699
[0.3, 0.2, 0.931, 1.9, -1.136, 0.169] 64.228
[0.3, 0.2, 0.96, 1.9, -1.165, 0.14] 64.107
[0.3, 0.2, 0.989, 1.9, -1.194, 0.111] 63.826
[0.3, 0.2, 1.018, 1.9, -1.223, 0.083] 79.341
[0.3, 0.2, 1.046, 1.9, -1.252, 0.054] 64.381
[0.3, 0.2, 1.075, 1.9, -1.28, 0.027] 63.564
[0.3, 0.2, 1.104, 1.9, -1.309, 0.012] 64.563
[0.3, 0.2, 1.133, 1.9, -1.338, 0.006] 79.478
[0.3, 0.2, 1.162, 1.9, -1.367, 0.003] 78.78
[0.3, 0.2, 1.182, 1.9, -1.385, 0.001] 63.544
[0.3, 0.2, 1.192, 1.9, -1.393, 0.001] 63.956
[0.329, 0.171, 1.163, 1.871, -1.364, 0.029] 63.289
[0.358, 0.142, 1.134, 1.842, -1.335, 0.058] 63.62
[0.386, 0.114, 1.105, 1.814, -1.316, 0.087] 97.33
[0.415, 0.085, 1.077, 1.785, -1.308, 0.116] 61.671
[0.444, 0.056, 1.048, 1.756, -1.303, 0.145] 63.559
[0.473, 0.027, 1.019, 1.727, -1.302, 0.173] 64.879
[0.502, -0.002, 0.99, 1.698, -1.301, 0.202] 80.638
[0.53, -0.03, 0.961, 1.67, -1.3, 0.231] 63.265
[0.559, -0.059, 0.933, 1.641, -1.3, 0.26] 64.428
[0.588, -0.088, 0.904, 1.612, -1.3, 0.289] 63.777
[0.617, -0.117, 0.875, 1.583, -1.3, 0.317] 79.353
[0.646, -0.146, 0.846, 1.554, -1.3, 0.346] 63.935
[0.674, -0.174, 0.817, 1.526, -1.3, 0.375] 63.844
[0.703, -0.203, 0.789, 1.497, -1.3, 0.404] 64.108
[0.732, -0.232, 0.76, 1.468, -1.3, 0.433] 79.397
[0.761, -0.261, 0.731, 1.439, -1.3, 0.461] 64.054
[0.79, -0.282, 0.702, 1.41, -1.3, 0.49] 64.277
[0.818, -0.292, 0.673, 1.382, -1.3, 0.519] 63.986
[0.847, -0.296, 0.645, 1.353, -1.3, 0.548] 80.325
[0.876, -0.298, 0.616, 1.324, -1.3, 0.577] 63.54
[0.905, -0.299, 0.587, 1.295, -1.3, 0.605] 64.303
[0.934, -0.3, 0.558, 1.266, -1.3, 0.634] 63.618
[0.962, -0.3, 0.53, 1.238, -1.3, 0.663] 80.063
[0.991, -0.3, 0.514, 1.209, -1.3, 0.692] 64.242
[1.02, -0.3, 0.506, 1.18, -1.3, 0.721] 63.344
[1.049, -0.3, 0.503, 1.151, -1.3, 0.749] 63.403
[1.078, -0.3, 0.501, 1.122, -1.3, 0.778] 80.524
[1.106, -0.3, 0.501, 1.094, -1.3, 0.807] 63.496
[1.135, -0.3, 0.5, 1.065, -1.3, 0.836] 64.475
[1.164, -0.3, 0.5, 1.036, -1.3, 0.865] 64.176
[1.193, -0.3, 0.5, 1.007, -1.3, 0.893] 79.431
[1.222, -0.3, 0.5, 0.978, -1.3, 0.922] 80.322
[1.25, -0.3, 0.5, 0.95, -1.3, 0.951] 64.287
[1.279, -0.3, 0.5, 0.921, -1.3, 0.976] 62.909
[1.308, -0.3, 0.5, 0.892, -1.3, 0.989] 63.739
[1.337, -0.3, 0.5, 0.863, -1.3, 0.995] 79.909
[1.366, -0.3, 0.5, 0.834, -1.3, 0.998] 63.9
[1.394, -0.3, 0.5, 0.806, -1.3, 0.999] 48.341
[1.423, -0.3, 0.5, 0.777, -1.3, 1.0] 64.024
[1.452, -0.3, 0.5, 0.748, -1.3, 1.0] 79.441
[1.481, -0.3, 0.5, 0.719, -1.3, 1.0] 63.296
[1.51, -0.3, 0.5, 0.691, -1.3, 1.0] 63.732
[1.538, -0.3, 0.5, 0.662, -1.3, 1.0] 64.456
[1.567, -0.3, 0.5, 0.633, -1.3, 1.0] 80.296
[1.596, -0.3, 0.5, 0.604, -1.3, 1.0] 63.421
[1.625, -0.3, 0.5, 0.575, -1.3, 1.0] 64.355
[1.654, -0.3, 0.5, 0.547, -1.3, 1.0] 64.627
[1.682, -0.3, 0.5, 0.518, -1.3, 1.0] 69.253
[1.711, -0.3, 0.5, 0.489, -1.3, 1.0] 73.925
[1.74, -0.3, 0.5, 0.46, -1.3, 1.0] 63.213
[1.769, -0.3, 0.5, 0.431, -1.3, 1.0] 62.89
[1.798, -0.3, 0.5, 0.403, -1.3, 1.0] 63.379
[1.826, -0.3, 0.5, 0.374, -1.3, 1.0] 80.427
[1.855, -0.3, 0.5, 0.345, -1.3, 1.0] 64.007
[1.884, -0.3, 0.5, 0.316, -1.3, 1.0] 63.338
[1.913, -0.3, 0.5, 0.287, -1.3, 1.0] 63.775
[1.942, -0.3, 0.5, 0.259, -1.3, 1.0] 79.651
[1.97, -0.3, 0.5, 0.23, -1.3, 1.0] 63.34
[1.986, -0.3, 0.5, 0.201, -1.3, 1.0] 63.815
[1.994, -0.3, 0.5, 0.172, -1.3, 1.0] 63.711
[1.997, -0.3, 0.5, 0.143, -1.3, 1.0] 64.151
[1.999, -0.3, 0.5, 0.115, -1.3, 1.0] 95.469
[1.999, -0.3, 0.5, 0.086, -1.3, 1.0] 64.557
[2.0, -0.3, 0.5, 0.057, -1.3, 1.0] 64.545
[2.0, -0.3, 0.5, 0.028, -1.3, 1.0] 64.004
[2.0, -0.3, 0.5, -0.001, -1.3, 1.0] 79.805
[2.0, -0.3, 0.5, -0.029, -1.3, 1.0] 64.074
[2.0, -0.3, 0.5, -0.058, -1.3, 1.0] 63.835
[2.0, -0.3, 0.5, -0.087, -1.3, 1.0] 64.663
[2.0, -0.3, 0.5, -0.116, -1.3, 1.0] 63.095
[2.0, -0.3, 0.5, -0.145, -1.3, 1.0] 96.308
[2.0, -0.3, 0.5, -0.173, -1.3, 1.0] 63.523
[2.0, -0.3, 0.5, -0.202, -1.3, 1.0] 63.921
[2.0, -0.3, 0.5, -0.231, -1.3, 1.0] 63.481
[2.0, -0.3, 0.5, -0.26, -1.3, 1.0] 79.916
[2.0, -0.3, 0.5, -0.289, -1.3, 1.0] 64.472
[2.0, -0.3, 0.5, -0.317, -1.3, 1.0] 62.736
[2.0, -0.3, 0.5, -0.346, -1.3, 1.0] 64.092
[2.0, -0.3, 0.5, -0.375, -1.3, 1.0] 63.823
[2.0, -0.3, 0.5, -0.404, -1.3, 1.0] 95.845
[2.0, -0.3, 0.5, -0.433, -1.3, 1.0] 64.029
[2.0, -0.3, 0.5, -0.461, -1.3, 1.0] 63.905
[2.0, -0.3, 0.5, -0.49, -1.3, 1.0] 63.519
[2.0, -0.3, 0.5, -0.519, -1.3, 1.0] 80.008
[2.0, -0.3, 0.5, -0.548, -1.3, 1.0] 63.665
[2.0, -0.3, 0.5, -0.577, -1.3, 1.0] 63.185
[2.0, -0.3, 0.5, -0.605, -1.3, 1.0] 63.855
[2.0, -0.3, 0.5, -0.634, -1.3, 1.0] 64.068
[2.0, -0.3, 0.5, -0.663, -1.3, 1.0] 95.324
[2.0, -0.3, 0.5, -0.692, -1.3, 1.0] 63.242
[2.0, -0.3, 0.5, -0.721, -1.3, 1.0] 64.102
[2.0, -0.3, 0.5, -0.749, -1.3, 1.0] 63.846
[2.0, -0.3, 0.5, -0.778, -1.3, 1.0] 79.191
[2.0, -0.3, 0.5, -0.807, -1.3, 1.0] 77.963
[2.0, -0.3, 0.5, -0.836, -1.3, 1.0] 63.984
[2.0, -0.3, 0.5, -0.865, -1.3, 1.0] 64.46
[2.0, -0.3, 0.5, -0.893, -1.3, 1.0] 64.162
[2.0, -0.3, 0.5, -0.922, -1.3, 1.0] 79.313
[2.0, -0.3, 0.5, -0.951, -1.3, 1.0] 63.9
[2.0, -0.3, 0.5, -0.98, -1.3, 1.0] 63.665
[2.0, -0.3, 0.5, -1.009, -1.3, 1.0] 63.749
[2.0, -0.3, 0.5, -1.037, -1.3, 1.0] 79.638
[2.0, -0.3, 0.5, -1.066, -1.3, 1.0] 63.711
[2.0, -0.3, 0.5, -1.095, -1.3, 1.0] 63.368
[2.0, -0.3, 0.5, -1.124, -1.3, 1.0] 64.36
[2.0, -0.3, 0.5, -1.153, -1.3, 1.0] 63.69
[2.0, -0.3, 0.5, -1.181, -1.3, 1.0] 95.82
[2.0, -0.3, 0.5, -1.21, -1.3, 1.0] 64.642
[2.0, -0.3, 0.5, -1.239, -1.3, 1.0] 64.177
[2.0, -0.3, 0.5, -1.268, -1.3, 1.0] 63.144
[2.0, -0.3, 0.5, -1.297, -1.3, 1.0] 78.947
[2.0, -0.3, 0.5, -1.325, -1.3, 1.0] 63.378
[2.0, -0.3, 0.5, -1.354, -1.3, 1.0] 63.804
[2.0, -0.3, 0.5, -1.383, -1.3, 1.0] 64.027
[2.0, -0.3, 0.5, -1.412, -1.3, 1.0] 81.869
[2.0, -0.3, 0.5, -1.441, -1.3, 1.0] 78.415
[2.0, -0.3, 0.5, -1.469, -1.3, 1.0] 48.3
[2.0, -0.3, 0.5, -1.498, -1.3, 1.0] 63.326
[2.0, -0.3, 0.5, -1.527, -1.3, 1.0] 79.327
[2.0, -0.3, 0.5, -1.556, -1.3, 1.0] 63.818
[2.0, -0.3, 0.5, -1.585, -1.3, 1.0] 63.814
[2.0, -0.3, 0.5, -1.613, -1.3, 1.0] 64.409
[2.0, -0.3, 0.5, -1.642, -1.3, 1.0] 79.277
[2.0, -0.3, 0.5, -1.671, -1.3, 1.0] 63.944
[2.0, -0.3, 0.5, -1.7, -1.3, 1.0] 63.921
[2.0, -0.3, 0.5, -1.726, -1.3, 1.0] 62.727
[2.0, -0.3, 0.5, -1.739, -1.3, 1.0] 63.983
[2.0, -0.3, 0.5, -1.745, -1.3, 1.0] 79.822
[1.971, -0.271, 0.471, -1.716, -1.271, 0.971] 65.085
[1.942, -0.242, 0.442, -1.687, -1.242, 0.942] 62.067
[1.914, -0.214, 0.414, -1.658, -1.214, 0.914] 79.532
[1.885, -0.185, 0.385, -1.63, -1.185, 0.885] 64.333
[1.856, -0.156, 0.356, -1.601, -1.156, 0.856] 64.085
[1.827, -0.127, 0.327, -1.572, -1.127, 0.827] 63.469
[1.798, -0.098, 0.298, -1.543, -1.098, 0.798] 80.113
[1.77, -0.07, 0.27, -1.514, -1.07, 0.77] 64.388
[1.741, -0.041, 0.241, -1.486, -1.041, 0.741] 63.725
[1.712, -0.019, 0.212, -1.457, -1.012, 0.712] 64.318
[1.683, -0.009, 0.183, -1.428, -0.983, 0.683] 64.026
[1.654, -0.004, 0.154, -1.399, -0.954, 0.654] 94.985
[1.626, -0.002, 0.126, -1.37, -0.926, 0.626] 63.442
[1.597, -0.001, 0.097, -1.342, -0.897, 0.597] 63.565
[1.568, -0.0, 0.068, -1.313, -0.868, 0.568] 64.231
[1.539, -0.0, 0.039, -1.284, -0.839, 0.539] 80.174
[1.51, -0.0, 0.018, -1.255, -0.81, 0.51] 63.673
[1.482, -0.0, 0.008, -1.226, -0.782, 0.482] 64.023
[1.453, -0.0, 0.004, -1.198, -0.753, 0.453] 63.853
[1.424, -0.0, 0.002, -1.169, -0.724, 0.424] 79.806
[1.395, -0.0, 0.001, -1.14, -0.695, 0.395] 79.191
[1.366, -0.0, 0.0, -1.111, -0.666, 0.366] 63.614
[1.338, 0.0, 0.0, -1.082, -0.638, 0.338] 63.548
[1.309, 0.0, 0.0, -1.054, -0.609, 0.309] 64.523
[1.28, -0.0, 0.0, -1.025, -0.58, 0.28] 78.9
[1.251, 0.0, 0.0, -0.996, -0.551, 0.251] 64.586
[1.222, -0.0, 0.0, -0.967, -0.522, 0.222] 64.363
[1.194, -0.0, 0.0, -0.938, -0.494, 0.194] 63.511
[1.165, -0.0, 0.0, -0.91, -0.465, 0.165] 79.776
[1.136, -0.0, 0.0, -0.881, -0.436, 0.136] 79.204
[1.107, -0.0, -0.0, -0.852, -0.407, 0.107] 63.257
[1.078, -0.0, 0.0, -0.823, -0.378, 0.078] 64.606
[1.05, -0.0, 0.0, -0.794, -0.35, 0.05] 63.179
[1.021, -0.0, 0.0, -0.766, -0.321, 0.024] 63.968
[0.992, -0.0, 0.0, -0.737, -0.292, 0.011] 79.187
[0.963, -0.0, 0.0, -0.708, -0.263, 0.005] 95.225
[0.934, -0.0, 0.0, -0.679, -0.234, 0.002] 63.294
[0.906, -0.0, 0.0, -0.65, -0.206, 0.001] 63.509
[0.877, -0.0, 0.0, -0.622, -0.177, 0.001] 64.884
[0.848, -0.0, 0.0, -0.593, -0.148, 0.0] 79.962
[0.819, -0.0, 0.0, -0.564, -0.119, 0.0] 63.109
[0.79, -0.0, 0.0, -0.535, -0.09, 0.0] 63.46
[0.762, -0.0, 0.0, -0.506, -0.062, 0.0] 63.39
[0.733, -0.0, 0.0, -0.478, -0.033, 0.0] 77.901
[0.704, -0.0, 0.0, -0.449, -0.015, 0.0] 64.349
[0.675, -0.0, 0.0, -0.42, -0.007, 0.0] 64.021
[0.646, -0.0, 0.0, -0.391, -0.003, -0.0] 63.58
[0.618, -0.0, 0.0, -0.362, -0.002, -0.0] 79.094
[0.589, -0.0, 0.0, -0.334, -0.001, 0.0] 79.402
[0.56, -0.0, 0.0, -0.305, -0.0, -0.0] 63.648
[0.531, -0.0, 0.0, -0.276, -0.0, -0.0] 64.366
[0.502, -0.0, 0.0, -0.247, -0.0, 0.0] 64.166
[0.474, -0.0, 0.0, -0.218, -0.0, 0.0] 79.402
[0.445, -0.0, 0.0, -0.19, 0.0, -0.0] 80.054
[0.416, -0.0, 0.0, -0.161, -0.0, 0.0] 63.368
[0.387, -0.0, 0.0, -0.132, 0.0, -0.0] 63.838
[0.358, -0.0, 0.0, -0.103, -0.0, 0.0] 63.824
[0.33, -0.0, 0.0, -0.074, 0.0, 0.0] 64.054
[0.301, -0.0, 0.0, -0.046, 0.0, -0.0] 79.667
[0.272, -0.0, 0.0, -0.021, -0.0, 0.0] 79.354
[0.243, -0.0, 0.0, -0.01, -0.0, 0.0] 79.43
[0.214, -0.0, 0.0, -0.005, 0.0, 0.0] 63.852
[0.186, -0.0, 0.0, -0.002, 0.0, 0.0] 62.986
[0.157, -0.0, 0.0, -0.001, -0.0, -0.0] 64.931
[0.128, -0.0, 0.0, -0.0, -0.0, -0.0] 63.0
[0.099, -0.0, 0.0, -0.0, 0.0, -0.0] 96.141
[0.07, -0.0, 0.0, -0.0, -0.0, -0.0] 62.716
[0.042, -0.0, 0.0, -0.0, -0.0, -0.0] 63.103
[0.019, -0.0, 0.0, -0.0, -0.0, -0.0] 64.231
[0.009, -0.0, 0.0, -0.0, -0.0, -0.0] 79.432
