[0.000, 0.001, -0.000, -0.000, -0.000, 0.000]
[0.000, 0.001, -0.000, -0.000, -0.000, 0.000]
[-0.000, 0.001, -0.000, -0.000, -0.000, 0.000]
[-0.000, 0.001, 0.000, -0.000, -0.000, 0.000]
[-0.000, 0.001, -0.000, -0.000, -0.000, 0.000]
[-0.000, 0.001, -0.000, -0.000, -0.000, 0.000]
[-0.000, 0.001, -0.000, -0.000, -0.000, 0.000]
[-0.000, 0.001, -0.000, -0.000, -0.000, 0.000]
[-0.000, 0.001, -0.000, -0.000, -0.000, 0.000]
[-0.000, 0.001, -0.000, -0.000, -0.000, 0.000]
[-0.000, 0.001, 0.000, -0.000, -0.000, 0.000]
[-0.000, 0.001, 0.000, -0.001, -0.001, 0.000]
[0.000, 0.001, 0.001, -0.001, -0.001, 0.000]
[0.000, 0.000, 0.001, -0.003, -0.003, 0.000]
[0.000, -0.000, 0.002, -0.005, -0.004, 0.000]
[0.000, -0.001, 0.003, -0.008, -0.007, 0.000]
[0.001, -0.002, 0.004, -0.011, -0.009, 0.000]
[0.001, -0.003, 0.005, -0.014, -0.012, 0.000]
[0.001, -0.004, 0.007, -0.018, -0.016, 0.000]
[0.001, -0.006, 0.009, -0.022, -0.019, 0.000]
[0.001, -0.007, 0.010, -0.027, -0.023, 0.000]
[0.002, -0.009, 0.012, -0.031, -0.027, 0.000]
[0.002, -0.010, 0.014, -0.035, -0.031, 0.000]
[0.002, -0.012, 0.015, -0.040, -0.035, 0.000]
[0.002, -0.013, 0.017, -0.045, -0.039, 0.000]
[0.003, -0.015, 0.019, -0.050, -0.044, 0.000]
[0.003, -0.017, 0.022, -0.057, -0.049, 0.000]
[0.003, -0.020, 0.025, -0.064, -0.055, 0.000]
[0.004, -0.022, 0.028, -0.072, -0.062, 0.000]
[0.004, -0.025, 0.031, -0.080, -0.069, 0.000]
[0.005, -0.028, 0.034, -0.088, -0.076, 0.000]
[0.005, -0.031, 0.037, -0.096, -0.083, 0.000]
[0.006, -0.034, 0.040, -0.105, -0.091, 0.000]
[0.006, -0.038, 0.044, -0.114, -0.099, 0.000]
[0.007, -0.041, 0.048, -0.124, -0.107, 0.000]
[0.007, -0.044, 0.052, -0.134, -0.115, 0.000]
[0.008, -0.048, 0.056, -0.144, -0.124, 0.000]
[0.008, -0.051, 0.060, -0.155, -0.133, 0.000]
[0.009, -0.055, 0.064, -0.166, -0.143, 0.000]
[0.010, -0.059, 0.068, -0.177, -0.153, 0.000]
[0.010, -0.063, 0.073, -0.188, -0.163, 0.000]
[0.011, -0.068, 0.078, -0.201, -0.173, 0.000]
[0.012, -0.072, 0.082, -0.213, -0.184, 0.000]
[0.012, -0.076, 0.087, -0.225, -0.194, 0.000]
[0.013, -0.080, 0.092, -0.237, -0.204, 0.000]
[0.014, -0.085, 0.096, -0.249, -0.215, 0.001]
[0.014, -0.089, 0.101, -0.261, -0.225, 0.001]
[0.015, -0.093, 0.106, -0.273, -0.236, 0.001]
[0.016, -0.097, 0.110, -0.285, -0.246, 0.001]
[0.016, -0.101, 0.115, -0.297, -0.256, 0.001]
[0.017, -0.105, 0.120, -0.309, -0.267, 0.001]
[0.018, -0.110, 0.124, -0.321, -0.277, 0.001]
[0.018, -0.114, 0.129, -0.333, -0.287, 0.001]
[0.019, -0.118, 0.133, -0.345, -0.298, 0.001]
[0.020, -0.122, 0.138, -0.357, -0.308, 0.001]
[0.020, -0.126, 0.143, -0.369, -0.318, 0.001]
[0.021, -0.130, 0.147, -0.381, -0.329, 0.001]
[0.022, -0.135, 0.152, -0.393, -0.339, 0.001]
[0.022, -0.139, 0.157, -0.405, -0.349, 0.001]
[0.023, -0.143, 0.161, -0.417, -0.360, 0.001]
[0.024, -0.147, 0.166, -0.429, -0.370, 0.001]
[0.024, -0.151, 0.171, -0.441, -0.380, 0.001]
[0.025, -0.156, 0.175, -0.453, -0.391, 0.001]
[0.026, -0.160, 0.180, -0.465, -0.401, 0.001]
[0.026, -0.164, 0.185, -0.477, -0.411, 0.001]
[0.027, -0.168, 0.189, -0.489, -0.422, 0.001]
[0.028, -0.172, 0.194, -0.501, -0.432, 0.001]
[0.028, -0.176, 0.199, -0.513, -0.443, 0.001]
[0.029, -0.181, 0.203, -0.525, -0.453, 0.001]
[0.030, -0.185, 0.208, -0.537, -0.463, 0.001]
[0.030, -0.189, 0.212, -0.549, -0.474, 0.001]
[0.031, -0.193, 0.217, -0.561, -0.484, 0.001]
[0.032, -0.197, 0.222, -0.573, -0.494, 0.001]
[0.032, -0.201, 0.226, -0.585, -0.505, 0.001]
[0.033, -0.206, 0.231, -0.597, -0.515, 0.001]
[0.034, -0.210, 0.236, -0.609, -0.525, 0.001]
[0.034, -0.214, 0.240, -0.621, -0.536, 0.001]
[0.035, -0.218, 0.245, -0.633, -0.546, 0.001]
[0.036, -0.222, 0.250, -0.645, -0.556, 0.001]
[0.036, -0.227, 0.254, -0.657, -0.567, 0.001]
[0.037, -0.231, 0.259, -0.669, -0.577, 0.001]
[0.038, -0.235, 0.264, -0.681, -0.587, 0.001]
[0.038, -0.239, 0.268, -0.693, -0.598, 0.001]
[0.039, -0.243, 0.273, -0.705, -0.608, 0.001]
[0.040, -0.247, 0.278, -0.717, -0.618, 0.001]
[0.040, -0.252, 0.282, -0.729, -0.629, 0.001]
[0.041, -0.256, 0.287, -0.741, -0.639, 0.001]
[0.042, -0.260, 0.291, -0.753, -0.649, 0.001]
[0.042, -0.264, 0.296, -0.765, -0.660, 0.001]
[0.043, -0.268, 0.301, -0.777, -0.670, 0.001]
[0.044, -0.272, 0.305, -0.789, -0.681, 0.001]
[0.044, -0.277, 0.310, -0.801, -0.691, 0.001]
[0.045, -0.281, 0.315, -0.813, -0.701, 0.001]
[0.046, -0.285, 0.319, -0.825, -0.712, 0.001]
[0.046, -0.289, 0.324, -0.837, -0.722, 0.002]
[0.047, -0.293, 0.329, -0.849, -0.732, 0.002]
[0.048, -0.298, 0.333, -0.861, -0.743, 0.002]
[0.048, -0.302, 0.338, -0.873, -0.753, 0.002]
[0.049, -0.306, 0.343, -0.885, -0.763, 0.002]
[0.050, -0.310, 0.347, -0.897, -0.774, 0.002]
[0.050, -0.314, 0.352, -0.909, -0.784, 0.002]
[0.051, -0.318, 0.357, -0.921, -0.794, 0.002]
[0.052, -0.323, 0.361, -0.933, -0.805, 0.002]
[0.052, -0.327, 0.366, -0.945, -0.815, 0.002]
[0.053, -0.331, 0.371, -0.957, -0.825, 0.002]
[0.053, -0.335, 0.375, -0.969, -0.836, 0.002]
[0.054, -0.339, 0.380, -0.981, -0.846, 0.002]
[0.055, -0.343, 0.384, -0.993, -0.856, 0.002]
[0.055, -0.348, 0.389, -1.005, -0.867, 0.002]
[0.056, -0.352, 0.394, -1.017, -0.877, 0.002]
[0.057, -0.356, 0.398, -1.029, -0.888, 0.002]
[0.057, -0.360, 0.403, -1.041, -0.898, 0.002]
[0.058, -0.364, 0.408, -1.053, -0.908, 0.002]
[0.059, -0.368, 0.412, -1.065, -0.919, 0.002]
[0.059, -0.373, 0.417, -1.077, -0.929, 0.002]
[0.060, -0.377, 0.422, -1.089, -0.939, 0.002]
[0.061, -0.381, 0.426, -1.101, -0.950, 0.002]
[0.061, -0.385, 0.431, -1.113, -0.960, 0.002]
[0.062, -0.389, 0.436, -1.125, -0.970, 0.002]
[0.063, -0.393, 0.440, -1.137, -0.981, 0.002]
[0.063, -0.398, 0.445, -1.149, -0.991, 0.002]
[0.064, -0.402, 0.450, -1.161, -1.001, 0.002]
[0.065, -0.406, 0.454, -1.173, -1.012, 0.002]
[0.065, -0.410, 0.459, -1.185, -1.022, 0.002]
[0.066, -0.414, 0.463, -1.197, -1.032, 0.002]
[0.067, -0.419, 0.468, -1.209, -1.043, 0.002]
[0.067, -0.423, 0.473, -1.221, -1.053, 0.002]
[0.068, -0.427, 0.477, -1.233, -1.063, 0.002]
[0.069, -0.431, 0.482, -1.245, -1.074, 0.002]
[0.069, -0.435, 0.487, -1.257, -1.084, 0.002]
[0.070, -0.439, 0.491, -1.269, -1.094, 0.002]
[0.071, -0.444, 0.496, -1.281, -1.105, 0.002]
[0.071, -0.448, 0.501, -1.293, -1.115, 0.002]
[0.072, -0.452, 0.505, -1.305, -1.126, 0.002]
[0.073, -0.456, 0.510, -1.317, -1.136, 0.002]
[0.073, -0.460, 0.515, -1.329, -1.146, 0.002]
[0.074, -0.464, 0.519, -1.341, -1.157, 0.002]
[0.075, -0.469, 0.524, -1.353, -1.167, 0.002]
[0.075, -0.473, 0.529, -1.365, -1.177, 0.002]
[0.076, -0.477, 0.533, -1.377, -1.188, 0.002]
[0.077, -0.481, 0.538, -1.389, -1.198, 0.002]
[0.077, -0.485, 0.543, -1.401, -1.208, 0.002]
[0.078, -0.489, 0.547, -1.413, -1.219, 0.002]
[0.079, -0.494, 0.552, -1.425, -1.229, 0.003]
[0.079, -0.498, 0.556, -1.437, -1.239, 0.003]
[0.080, -0.502, 0.561, -1.449, -1.250, 0.003]
[0.081, -0.506, 0.566, -1.461, -1.260, 0.003]
[0.081, -0.510, 0.570, -1.473, -1.270, 0.003]
[0.082, -0.514, 0.575, -1.485, -1.281, 0.003]
[0.083, -0.519, 0.580, -1.497, -1.291, 0.003]
[0.083, -0.523, 0.584, -1.509, -1.301, 0.003]
[0.084, -0.527, 0.589, -1.521, -1.312, 0.003]
[0.085, -0.531, 0.594, -1.533, -1.322, 0.003]
[0.085, -0.535, 0.598, -1.546, -1.333, 0.003]
[0.086, -0.539, 0.603, -1.558, -1.343, 0.003]
[0.087, -0.544, 0.607, -1.569, -1.353, 0.003]
[0.087, -0.547, 0.612, -1.580, -1.363, 0.003]
[0.088, -0.551, 0.616, -1.591, -1.372, 0.003]
[0.088, -0.555, 0.620, -1.601, -1.381, 0.003]
[0.089, -0.558, 0.624, -1.612, -1.390, 0.003]
[0.090, -0.562, 0.628, -1.621, -1.398, 0.003]
[0.090, -0.565, 0.631, -1.631, -1.406, 0.003]
[0.091, -0.568, 0.635, -1.640, -1.414, 0.003]
[0.091, -0.571, 0.638, -1.648, -1.421, 0.003]
[0.091, -0.574, 0.641, -1.656, -1.428, 0.003]
[0.092, -0.577, 0.644, -1.664, -1.435, 0.003]
[0.092, -0.579, 0.647, -1.672, -1.442, 0.003]
[0.093, -0.582, 0.650, -1.680, -1.449, 0.003]
[0.093, -0.584, 0.653, -1.687, -1.454, 0.003]
[0.093, -0.587, 0.655, -1.692, -1.459, 0.003]
[0.094, -0.588, 0.657, -1.697, -1.464, 0.003]
[0.094, -0.590, 0.659, -1.702, -1.468, 0.003]
[0.094, -0.591, 0.661, -1.706, -1.472, 0.003]
[0.094, -0.593, 0.662, -1.711, -1.475, 0.003]
[0.095, -0.594, 0.664, -1.715, -1.479, 0.003]
[0.095, -0.595, 0.666, -1.719, -1.482, 0.003]
[0.095, -0.596, 0.667, -1.722, -1.485, 0.003]
[0.095, -0.598, 0.668, -1.726, -1.488, 0.003]
[0.095, -0.599, 0.669, -1.729, -1.491, 0.003]
[0.096, -0.600, 0.670, -1.732, -1.493, 0.003]
[0.096, -0.601, 0.671, -1.734, -1.495, 0.003]
[0.096, -0.602, 0.672, -1.736, -1.497, 0.003]
[0.096, -0.602, 0.672, -1.737, -1.498, 0.003]
[0.096, -0.602, 0.673, -1.738, -1.499, 0.003]
[0.096, -0.602, 0.673, -1.738, -1.499, 0.003]
[0.096, -0.602, 0.673, -1.738, -1.499, 0.003]
[0.096, -0.602, 0.673, -1.738, -1.499, 0.003]
[0.096, -0.602, 0.673, -1.738, -1.499, 0.003]
[0.096, -0.602, 0.673, -1.738, -1.499, 0.003]
[0.096, -0.602, 0.673, -1.738, -1.499, 0.003]
[0.096, -0.602, 0.673, -1.738, -1.499, 0.003]
[0.096, -0.602, 0.673, -1.738, -1.499, 0.003]
[0.096, -0.602, 0.673, -1.738, -1.499, 0.003]
[0.096, -0.602, 0.673, -1.738, -1.499, 0.003]
[0.096, -0.602, 0.673, -1.738, -1.499, 0.003]
[0.096, -0.602, 0.673, -1.737, -1.498, 0.003]
[0.095, -0.603, 0.672, -1.736, -1.498, 0.003]
[0.094, -0.603, 0.672, -1.734, -1.497, 0.003]
[0.092, -0.604, 0.671, -1.732, -1.496, 0.003]
[0.089, -0.605, 0.669, -1.729, -1.495, 0.003]
[0.086, -0.607, 0.668, -1.726, -1.493, 0.003]
[0.083, -0.609, 0.666, -1.722, -1.492, 0.003]
[0.080, -0.610, 0.664, -1.718, -1.490, 0.003]
[0.076, -0.612, 0.662, -1.714, -1.488, 0.003]
[0.073, -0.613, 0.660, -1.709, -1.486, 0.003]
[0.069, -0.613, 0.658, -1.705, -1.484, 0.003]
[0.066, -0.613, 0.656, -1.701, -1.482, 0.003]
[0.062, -0.613, 0.654, -1.696, -1.480, 0.003]
[0.058, -0.612, 0.652, -1.691, -1.478, 0.003]
[0.054, -0.612, 0.649, -1.685, -1.475, 0.003]
[0.049, -0.611, 0.646, -1.678, -1.472, 0.003]
[0.042, -0.611, 0.643, -1.670, -1.468, 0.003]
[0.036, -0.611, 0.639, -1.662, -1.465, 0.003]
[0.028, -0.611, 0.636, -1.654, -1.461, 0.003]
[0.021, -0.612, 0.632, -1.646, -1.458, 0.003]
[0.015, -0.612, 0.628, -1.637, -1.454, 0.003]
[0.008, -0.612, 0.624, -1.628, -1.450, 0.003]
[0.001, -0.612, 0.619, -1.618, -1.445, 0.003]
[-0.007, -0.612, 0.615, -1.609, -1.441, 0.003]
[-0.016, -0.612, 0.611, -1.598, -1.436, 0.003]
[-0.024, -0.611, 0.606, -1.587, -1.432, 0.003]
[-0.034, -0.611, 0.601, -1.576, -1.427, 0.003]
[-0.043, -0.611, 0.596, -1.565, -1.422, 0.003]
[-0.052, -0.611, 0.590, -1.553, -1.416, 0.003]
[-0.062, -0.611, 0.585, -1.541, -1.411, 0.003]
[-0.071, -0.611, 0.579, -1.529, -1.406, 0.003]
[-0.081, -0.612, 0.574, -1.517, -1.400, 0.003]
[-0.091, -0.612, 0.569, -1.505, -1.395, 0.003]
[-0.101, -0.612, 0.563, -1.493, -1.390, 0.003]
[-0.110, -0.611, 0.558, -1.481, -1.384, 0.003]
[-0.120, -0.611, 0.553, -1.469, -1.379, 0.003]
[-0.129, -0.611, 0.547, -1.457, -1.374, 0.003]
[-0.139, -0.611, 0.542, -1.445, -1.368, 0.003]
[-0.149, -0.611, 0.537, -1.433, -1.363, 0.003]
[-0.158, -0.611, 0.531, -1.421, -1.358, 0.003]
[-0.168, -0.611, 0.526, -1.409, -1.352, 0.003]
[-0.178, -0.611, 0.520, -1.397, -1.347, 0.003]
[-0.187, -0.611, 0.515, -1.385, -1.342, 0.003]
[-0.197, -0.611, 0.510, -1.373, -1.336, 0.003]
[-0.206, -0.611, 0.504, -1.361, -1.331, 0.003]
[-0.216, -0.611, 0.499, -1.349, -1.326, 0.003]
[-0.226, -0.610, 0.494, -1.337, -1.320, 0.003]
[-0.235, -0.610, 0.488, -1.325, -1.315, 0.003]
[-0.245, -0.610, 0.483, -1.313, -1.310, 0.003]
[-0.254, -0.610, 0.477, -1.301, -1.304, 0.003]
[-0.264, -0.610, 0.472, -1.289, -1.299, 0.003]
[-0.274, -0.610, 0.467, -1.277, -1.294, 0.003]
[-0.283, -0.610, 0.461, -1.265, -1.288, 0.003]
[-0.293, -0.610, 0.456, -1.253, -1.283, 0.003]
[-0.303, -0.610, 0.451, -1.241, -1.278, 0.003]
[-0.312, -0.610, 0.445, -1.229, -1.272, 0.003]
[-0.322, -0.610, 0.440, -1.217, -1.267, 0.003]
[-0.331, -0.610, 0.435, -1.205, -1.262, 0.003]
[-0.341, -0.610, 0.429, -1.193, -1.256, 0.003]
[-0.351, -0.610, 0.424, -1.181, -1.251, 0.003]
[-0.360, -0.609, 0.418, -1.169, -1.246, 0.003]
[-0.370, -0.609, 0.413, -1.157, -1.240, 0.003]
[-0.379, -0.609, 0.408, -1.145, -1.235, 0.003]
[-0.389, -0.609, 0.402, -1.133, -1.230, 0.003]
[-0.399, -0.609, 0.397, -1.121, -1.224, 0.003]
[-0.408, -0.609, 0.392, -1.109, -1.219, 0.003]
[-0.418, -0.609, 0.386, -1.097, -1.214, 0.003]
[-0.427, -0.609, 0.381, -1.085, -1.208, 0.003]
[-0.437, -0.609, 0.376, -1.073, -1.203, 0.003]
[-0.447, -0.609, 0.370, -1.061, -1.198, 0.003]
[-0.456, -0.609, 0.365, -1.049, -1.192, 0.003]
[-0.466, -0.609, 0.359, -1.037, -1.187, 0.003]
[-0.476, -0.609, 0.354, -1.025, -1.182, 0.003]
[-0.485, -0.609, 0.349, -1.013, -1.176, 0.003]
[-0.495, -0.609, 0.343, -1.001, -1.171, 0.003]
[-0.504, -0.608, 0.338, -0.989, -1.166, 0.003]
[-0.514, -0.608, 0.333, -0.977, -1.160, 0.003]
[-0.524, -0.608, 0.327, -0.965, -1.155, 0.003]
[-0.533, -0.608, 0.322, -0.953, -1.150, 0.003]
[-0.543, -0.608, 0.317, -0.941, -1.144, 0.003]
[-0.552, -0.608, 0.311, -0.929, -1.139, 0.003]
[-0.562, -0.608, 0.306, -0.917, -1.134, 0.003]
[-0.572, -0.608, 0.301, -0.905, -1.128, 0.003]
[-0.581, -0.608, 0.295, -0.893, -1.123, 0.003]
[-0.591, -0.608, 0.290, -0.881, -1.118, 0.003]
[-0.600, -0.608, 0.284, -0.869, -1.112, 0.003]
[-0.610, -0.608, 0.279, -0.857, -1.107, 0.003]
[-0.620, -0.608, 0.274, -0.845, -1.102, 0.003]
[-0.629, -0.607, 0.268, -0.833, -1.096, 0.003]
[-0.639, -0.607, 0.263, -0.821, -1.091, 0.003]
[-0.649, -0.607, 0.258, -0.809, -1.085, 0.003]
[-0.658, -0.607, 0.252, -0.797, -1.080, 0.003]
[-0.668, -0.607, 0.247, -0.785, -1.075, 0.003]
[-0.677, -0.607, 0.242, -0.773, -1.069, 0.003]
[-0.687, -0.607, 0.236, -0.761, -1.064, 0.003]
[-0.697, -0.607, 0.231, -0.749, -1.059, 0.003]
[-0.706, -0.607, 0.226, -0.737, -1.053, 0.003]
[-0.716, -0.607, 0.220, -0.725, -1.048, 0.003]
[-0.725, -0.607, 0.215, -0.713, -1.043, 0.003]
[-0.735, -0.607, 0.209, -0.701, -1.037, 0.003]
[-0.745, -0.606, 0.204, -0.689, -1.032, 0.003]
[-0.754, -0.606, 0.199, -0.677, -1.027, 0.003]
[-0.764, -0.606, 0.193, -0.665, -1.021, 0.003]
[-0.773, -0.606, 0.188, -0.653, -1.016, 0.003]
[-0.783, -0.606, 0.183, -0.641, -1.011, 0.003]
[-0.793, -0.606, 0.177, -0.629, -1.005, 0.003]
[-0.802, -0.606, 0.172, -0.617, -1.000, 0.003]
[-0.812, -0.606, 0.167, -0.605, -0.995, 0.003]
[-0.822, -0.606, 0.161, -0.593, -0.989, 0.003]
[-0.831, -0.606, 0.156, -0.581, -0.984, 0.003]
[-0.841, -0.606, 0.151, -0.569, -0.979, 0.003]
[-0.850, -0.606, 0.145, -0.557, -0.973, 0.003]
[-0.860, -0.606, 0.140, -0.545, -0.968, 0.003]
[-0.870, -0.605, 0.135, -0.533, -0.963, 0.003]
[-0.879, -0.605, 0.129, -0.521, -0.957, 0.003]
[-0.889, -0.605, 0.124, -0.509, -0.952, 0.003]
[-0.898, -0.605, 0.119, -0.497, -0.947, 0.003]
[-0.908, -0.605, 0.113, -0.485, -0.941, 0.003]
[-0.918, -0.605, 0.108, -0.473, -0.936, 0.003]
[-0.927, -0.605, 0.103, -0.461, -0.931, 0.003]
[-0.937, -0.605, 0.097, -0.449, -0.925, 0.003]
[-0.947, -0.605, 0.092, -0.437, -0.920, 0.003]
[-0.956, -0.605, 0.086, -0.425, -0.915, 0.003]
[-0.966, -0.605, 0.081, -0.413, -0.909, 0.003]
[-0.975, -0.604, 0.076, -0.401, -0.904, 0.003]
[-0.985, -0.604, 0.070, -0.389, -0.899, 0.003]
[-0.995, -0.604, 0.065, -0.377, -0.893, 0.003]
[-1.004, -0.604, 0.060, -0.365, -0.888, 0.003]
[-1.014, -0.604, 0.054, -0.353, -0.883, 0.003]
[-1.023, -0.604, 0.049, -0.341, -0.877, 0.003]
[-1.033, -0.604, 0.044, -0.329, -0.872, 0.003]
[-1.043, -0.604, 0.038, -0.317, -0.867, 0.003]
[-1.052, -0.604, 0.033, -0.305, -0.861, 0.003]
[-1.062, -0.604, 0.028, -0.293, -0.856, 0.003]
[-1.071, -0.604, 0.022, -0.281, -0.851, 0.003]
[-1.081, -0.604, 0.017, -0.269, -0.845, 0.003]
[-1.091, -0.603, 0.012, -0.257, -0.840, 0.003]
[-1.100, -0.603, 0.006, -0.244, -0.835, 0.003]
[-1.110, -0.603, 0.001, -0.232, -0.829, 0.003]
[-1.120, -0.603, -0.004, -0.221, -0.824, 0.003]
[-1.129, -0.603, -0.009, -0.210, -0.819, 0.003]
[-1.138, -0.603, -0.014, -0.199, -0.814, 0.003]
[-1.146, -0.603, -0.019, -0.189, -0.810, 0.003]
[-1.154, -0.603, -0.023, -0.179, -0.805, 0.003]
[-1.161, -0.603, -0.027, -0.169, -0.801, 0.003]
[-1.169, -0.603, -0.032, -0.160, -0.797, 0.003]
[-1.176, -0.603, -0.036, -0.151, -0.793, 0.003]
[-1.183, -0.603, -0.039, -0.142, -0.789, 0.003]
[-1.189, -0.603, -0.043, -0.134, -0.786, 0.003]
[-1.196, -0.602, -0.046, -0.126, -0.782, 0.003]
[-1.202, -0.602, -0.050, -0.118, -0.779, 0.003]
[-1.208, -0.602, -0.053, -0.111, -0.775, 0.003]
[-1.213, -0.602, -0.056, -0.104, -0.772, 0.003]
[-1.219, -0.602, -0.059, -0.099, -0.770, 0.003]
[-1.223, -0.602, -0.061, -0.094, -0.768, 0.003]
[-1.226, -0.602, -0.063, -0.089, -0.766, 0.003]
[-1.229, -0.602, -0.065, -0.085, -0.764, 0.003]
[-1.231, -0.602, -0.067, -0.081, -0.762, 0.003]
[-1.234, -0.602, -0.068, -0.077, -0.760, 0.003]
[-1.238, -0.602, -0.070, -0.073, -0.758, 0.003]
[-1.241, -0.602, -0.072, -0.069, -0.757, 0.003]
[-1.244, -0.602, -0.073, -0.066, -0.755, 0.003]
[-1.246, -0.602, -0.075, -0.063, -0.754, 0.003]
[-1.248, -0.602, -0.076, -0.060, -0.753, 0.003]
[-1.250, -0.602, -0.077, -0.058, -0.752, 0.003]
[-1.252, -0.602, -0.078, -0.056, -0.751, 0.003]
[-1.253, -0.602, -0.078, -0.055, -0.750, 0.003]
[-1.253, -0.602, -0.079, -0.054, -0.750, 0.003]
[-1.254, -0.602, -0.079, -0.054, -0.750, 0.003]
[-1.254, -0.602, -0.079, -0.054, -0.750, 0.003]
[-1.253, -0.602, -0.079, -0.054, -0.750, 0.003]
[-1.253, -0.602, -0.079, -0.054, -0.750, 0.003]
[-1.253, -0.602, -0.079, -0.054, -0.750, 0.003]
[-1.253, -0.602, -0.079, -0.054, -0.750, 0.003]
[-1.253, -0.602, -0.079, -0.054, -0.750, 0.003]
[-1.253, -0.602, -0.079, -0.054, -0.750, 0.003]
[-1.253, -0.602, -0.079, -0.054, -0.750, 0.003]
[-1.253, -0.602, -0.079, -0.054, -0.750, 0.003]
[-1.253, -0.602, -0.079, -0.054, -0.750, 0.003]
[-1.252, -0.602, -0.079, -0.053, -0.750, 0.003]
[-1.252, -0.602, -0.078, -0.053, -0.750, 0.003]
[-1.250, -0.602, -0.078, -0.052, -0.751, 0.003]
[-1.247, -0.602, -0.078, -0.051, -0.751, 0.003]
[-1.244, -0.602, -0.078, -0.049, -0.752, 0.003]
[-1.241, -0.602, -0.078, -0.048, -0.752, 0.003]
[-1.236, -0.602, -0.078, -0.046, -0.753, 0.003]
[-1.232, -0.602, -0.078, -0.044, -0.754, 0.003]
[-1.227, -0.601, -0.077, -0.041, -0.755, 0.003]
[-1.222, -0.600, -0.077, -0.039, -0.755, 0.003]
[-1.217, -0.599, -0.077, -0.037, -0.756, 0.003]
[-1.212, -0.598, -0.077, -0.034, -0.757, 0.003]
[-1.207, -0.597, -0.076, -0.032, -0.758, 0.003]
[-1.202, -0.595, -0.076, -0.029, -0.759, 0.003]
[-1.197, -0.594, -0.076, -0.027, -0.760, 0.003]
[-1.191, -0.592, -0.076, -0.024, -0.761, 0.003]
[-1.185, -0.589, -0.075, -0.020, -0.763, 0.003]
[-1.178, -0.587, -0.075, -0.017, -0.764, 0.003]
[-1.169, -0.584, -0.075, -0.012, -0.766, 0.003]
[-1.160, -0.581, -0.074, -0.008, -0.767, 0.003]
[-1.149, -0.578, -0.074, -0.004, -0.769, 0.003]
[-1.140, -0.575, -0.074, 0.001, -0.771, 0.003]
[-1.130, -0.572, -0.073, 0.005, -0.772, 0.003]
[-1.121, -0.568, -0.073, 0.010, -0.774, 0.003]
[-1.111, -0.565, -0.072, 0.015, -0.776, 0.003]
[-1.101, -0.562, -0.072, 0.021, -0.778, 0.003]
[-1.090, -0.558, -0.072, 0.026, -0.780, 0.003]
[-1.078, -0.555, -0.071, 0.031, -0.782, 0.003]
[-1.066, -0.551, -0.071, 0.037, -0.784, 0.003]
[-1.054, -0.547, -0.070, 0.043, -0.786, 0.003]
[-1.042, -0.543, -0.070, 0.049, -0.789, 0.003]
[-1.030, -0.539, -0.069, 0.055, -0.791, 0.003]
[-1.017, -0.535, -0.069, 0.060, -0.793, 0.003]
[-1.005, -0.530, -0.068, 0.066, -0.795, 0.003]
[-0.993, -0.527, -0.068, 0.072, -0.798, 0.003]
[-0.981, -0.523, -0.067, 0.078, -0.800, 0.003]
[-0.970, -0.519, -0.067, 0.084, -0.802, 0.003]
[-0.958, -0.515, -0.066, 0.090, -0.804, 0.003]
[-0.946, -0.511, -0.066, 0.096, -0.806, 0.003]
[-0.933, -0.507, -0.065, 0.101, -0.809, 0.003]
[-0.921, -0.503, -0.065, 0.107, -0.811, 0.003]
[-0.909, -0.499, -0.064, 0.113, -0.813, 0.003]
[-0.897, -0.495, -0.064, 0.119, -0.815, 0.003]
[-0.885, -0.491, -0.063, 0.125, -0.818, 0.003]
[-0.874, -0.487, -0.063, 0.131, -0.820, 0.003]
[-0.862, -0.483, -0.062, 0.136, -0.822, 0.003]
[-0.849, -0.480, -0.062, 0.142, -0.824, 0.003]
[-0.837, -0.476, -0.062, 0.148, -0.826, 0.003]
[-0.825, -0.472, -0.061, 0.154, -0.829, 0.003]
[-0.813, -0.468, -0.061, 0.160, -0.831, 0.003]
[-0.801, -0.464, -0.060, 0.166, -0.833, 0.003]
[-0.789, -0.460, -0.060, 0.171, -0.835, 0.003]
[-0.777, -0.456, -0.059, 0.177, -0.837, 0.003]
[-0.765, -0.452, -0.059, 0.183, -0.840, 0.003]
[-0.753, -0.448, -0.058, 0.189, -0.842, 0.003]
[-0.741, -0.444, -0.058, 0.195, -0.844, 0.003]
[-0.729, -0.440, -0.057, 0.201, -0.846, 0.003]
[-0.717, -0.436, -0.057, 0.206, -0.849, 0.003]
[-0.705, -0.432, -0.056, 0.212, -0.851, 0.003]
[-0.693, -0.428, -0.056, 0.218, -0.853, 0.003]
[-0.681, -0.424, -0.055, 0.224, -0.855, 0.003]
[-0.669, -0.420, -0.055, 0.230, -0.857, 0.003]
[-0.657, -0.416, -0.054, 0.236, -0.860, 0.003]
[-0.645, -0.413, -0.054, 0.242, -0.862, 0.003]
[-0.633, -0.409, -0.053, 0.247, -0.864, 0.003]
[-0.621, -0.405, -0.053, 0.253, -0.866, 0.003]
[-0.609, -0.401, -0.052, 0.259, -0.868, 0.003]
[-0.597, -0.397, -0.052, 0.265, -0.871, 0.003]
[-0.585, -0.393, -0.051, 0.271, -0.873, 0.003]
[-0.573, -0.389, -0.051, 0.277, -0.875, 0.003]
[-0.561, -0.385, -0.050, 0.282, -0.877, 0.003]
[-0.549, -0.381, -0.050, 0.288, -0.879, 0.003]
[-0.537, -0.377, -0.050, 0.294, -0.882, 0.003]
[-0.525, -0.373, -0.049, 0.300, -0.884, 0.003]
[-0.513, -0.369, -0.049, 0.306, -0.886, 0.003]
[-0.501, -0.365, -0.048, 0.312, -0.888, 0.003]
[-0.489, -0.361, -0.048, 0.317, -0.891, 0.003]
[-0.477, -0.357, -0.047, 0.323, -0.893, 0.003]
[-0.465, -0.353, -0.047, 0.329, -0.895, 0.003]
[-0.453, -0.349, -0.046, 0.335, -0.897, 0.003]
[-0.441, -0.345, -0.046, 0.341, -0.899, 0.003]
[-0.429, -0.341, -0.045, 0.347, -0.902, 0.003]
[-0.417, -0.338, -0.045, 0.352, -0.904, 0.003]
[-0.405, -0.334, -0.044, 0.358, -0.906, 0.003]
[-0.393, -0.330, -0.044, 0.364, -0.908, 0.003]
[-0.381, -0.326, -0.043, 0.370, -0.910, 0.003]
[-0.369, -0.322, -0.043, 0.376, -0.913, 0.003]
[-0.357, -0.318, -0.042, 0.382, -0.915, 0.003]
[-0.345, -0.314, -0.042, 0.388, -0.917, 0.003]
[-0.333, -0.310, -0.041, 0.393, -0.919, 0.003]
[-0.321, -0.306, -0.041, 0.399, -0.922, 0.003]
[-0.309, -0.302, -0.040, 0.405, -0.924, 0.003]
[-0.297, -0.298, -0.040, 0.411, -0.926, 0.003]
[-0.285, -0.294, -0.039, 0.417, -0.928, 0.003]
[-0.273, -0.290, -0.039, 0.423, -0.930, 0.003]
[-0.261, -0.286, -0.038, 0.428, -0.933, 0.003]
[-0.249, -0.282, -0.038, 0.434, -0.935, 0.003]
[-0.237, -0.278, -0.037, 0.440, -0.937, 0.003]
[-0.225, -0.274, -0.037, 0.446, -0.939, 0.003]
[-0.213, -0.270, -0.036, 0.452, -0.941, 0.003]
[-0.201, -0.266, -0.036, 0.458, -0.944, 0.003]
[-0.189, -0.262, -0.036, 0.463, -0.946, 0.003]
[-0.177, -0.258, -0.035, 0.469, -0.948, 0.003]
[-0.165, -0.255, -0.035, 0.475, -0.950, 0.003]
[-0.153, -0.251, -0.034, 0.481, -0.953, 0.003]
[-0.141, -0.247, -0.034, 0.487, -0.955, 0.003]
[-0.129, -0.243, -0.033, 0.493, -0.957, 0.003]
[-0.117, -0.239, -0.033, 0.498, -0.959, 0.003]
[-0.105, -0.235, -0.032, 0.504, -0.961, 0.003]
[-0.093, -0.231, -0.032, 0.510, -0.964, 0.003]
[-0.081, -0.227, -0.031, 0.516, -0.966, 0.003]
[-0.069, -0.223, -0.031, 0.522, -0.968, 0.003]
[-0.057, -0.219, -0.030, 0.528, -0.970, 0.003]
[-0.045, -0.215, -0.030, 0.534, -0.972, 0.003]
[-0.033, -0.211, -0.029, 0.539, -0.975, 0.003]
[-0.021, -0.207, -0.029, 0.545, -0.977, 0.003]
[-0.009, -0.203, -0.028, 0.551, -0.979, 0.003]
[0.003, -0.199, -0.028, 0.557, -0.981, 0.003]
[0.015, -0.195, -0.027, 0.563, -0.984, 0.003]
[0.027, -0.191, -0.027, 0.569, -0.986, 0.003]
[0.039, -0.187, -0.026, 0.574, -0.988, 0.003]
[0.051, -0.183, -0.026, 0.580, -0.990, 0.003]
[0.063, -0.179, -0.025, 0.586, -0.992, 0.003]
[0.075, -0.175, -0.025, 0.592, -0.995, 0.003]
[0.087, -0.171, -0.024, 0.598, -0.997, 0.003]
[0.099, -0.167, -0.024, 0.604, -0.999, 0.003]
[0.111, -0.163, -0.023, 0.609, -1.001, 0.003]
[0.123, -0.160, -0.023, 0.615, -1.003, 0.003]
[0.135, -0.156, -0.022, 0.621, -1.006, 0.003]
[0.147, -0.152, -0.022, 0.627, -1.008, 0.003]
[0.159, -0.148, -0.021, 0.633, -1.010, 0.003]
[0.171, -0.144, -0.021, 0.639, -1.012, 0.003]
[0.183, -0.140, -0.020, 0.644, -1.014, 0.003]
[0.195, -0.136, -0.020, 0.650, -1.017, 0.003]
[0.207, -0.132, -0.019, 0.656, -1.019, 0.003]
[0.219, -0.128, -0.019, 0.662, -1.021, 0.003]
[0.231, -0.124, -0.018, 0.668, -1.023, 0.003]
[0.243, -0.120, -0.018, 0.674, -1.026, 0.003]
[0.255, -0.116, -0.017, 0.680, -1.028, 0.003]
[0.267, -0.112, -0.017, 0.685, -1.030, 0.003]
[0.279, -0.108, -0.016, 0.691, -1.032, 0.003]
[0.291, -0.104, -0.016, 0.697, -1.034, 0.003]
[0.303, -0.100, -0.015, 0.703, -1.037, 0.003]
[0.315, -0.096, -0.015, 0.709, -1.039, 0.003]
[0.327, -0.092, -0.014, 0.715, -1.041, 0.003]
[0.339, -0.088, -0.014, 0.720, -1.043, 0.003]
[0.351, -0.084, -0.013, 0.726, -1.045, 0.003]
[0.363, -0.080, -0.013, 0.732, -1.048, 0.003]
[0.375, -0.076, -0.013, 0.738, -1.050, 0.003]
[0.387, -0.072, -0.012, 0.744, -1.052, 0.003]
[0.399, -0.068, -0.012, 0.750, -1.054, 0.003]
[0.411, -0.064, -0.011, 0.755, -1.057, 0.003]
[0.423, -0.060, -0.011, 0.761, -1.059, 0.003]
[0.435, -0.056, -0.010, 0.767, -1.061, 0.003]
[0.447, -0.053, -0.010, 0.773, -1.063, 0.003]
[0.459, -0.049, -0.009, 0.779, -1.065, 0.003]
[0.471, -0.045, -0.009, 0.785, -1.068, 0.003]
[0.483, -0.041, -0.008, 0.790, -1.070, 0.003]
[0.495, -0.037, -0.008, 0.796, -1.072, 0.003]
[0.507, -0.033, -0.007, 0.802, -1.074, 0.003]
[0.519, -0.029, -0.007, 0.808, -1.076, 0.003]
[0.531, -0.025, -0.006, 0.814, -1.079, 0.003]
[0.543, -0.021, -0.006, 0.820, -1.081, 0.003]
[0.555, -0.017, -0.005, 0.825, -1.083, 0.003]
[0.567, -0.013, -0.005, 0.831, -1.085, 0.003]
[0.579, -0.009, -0.004, 0.837, -1.088, 0.003]
[0.591, -0.005, -0.004, 0.843, -1.090, 0.003]
[0.603, -0.001, -0.003, 0.849, -1.092, 0.003]
[0.615, 0.003, -0.003, 0.855, -1.094, 0.003]
[0.627, 0.007, -0.002, 0.861, -1.096, 0.003]
[0.639, 0.011, -0.002, 0.866, -1.099, 0.003]
[0.651, 0.015, -0.001, 0.872, -1.101, 0.003]
[0.663, 0.019, -0.001, 0.878, -1.103, 0.003]
[0.675, 0.023, -0.000, 0.884, -1.105, 0.003]
[0.687, 0.027, 0.000, 0.890, -1.107, 0.003]
[0.699, 0.031, 0.001, 0.896, -1.110, 0.003]
[0.711, 0.035, 0.001, 0.901, -1.112, 0.003]
[0.723, 0.039, 0.002, 0.907, -1.114, 0.003]
[0.735, 0.043, 0.002, 0.913, -1.116, 0.003]
[0.747, 0.047, 0.003, 0.919, -1.118, 0.003]
[0.759, 0.051, 0.003, 0.925, -1.121, 0.003]
[0.771, 0.055, 0.004, 0.931, -1.123, 0.003]
[0.783, 0.059, 0.004, 0.936, -1.125, 0.003]
[0.795, 0.063, 0.005, 0.942, -1.127, 0.003]
[0.807, 0.067, 0.005, 0.948, -1.130, 0.003]
[0.819, 0.071, 0.006, 0.954, -1.132, 0.003]
[0.831, 0.075, 0.006, 0.960, -1.134, 0.003]
[0.843, 0.078, 0.007, 0.966, -1.136, 0.003]
[0.855, 0.082, 0.007, 0.971, -1.138, 0.003]
[0.867, 0.086, 0.008, 0.977, -1.141, 0.003]
[0.879, 0.090, 0.008, 0.983, -1.143, 0.003]
[0.891, 0.094, 0.009, 0.989, -1.145, 0.003]
[0.903, 0.098, 0.009, 0.995, -1.147, 0.003]
[0.915, 0.102, 0.010, 1.001, -1.149, 0.003]
[0.927, 0.106, 0.010, 1.006, -1.152, 0.003]
[0.939, 0.110, 0.011, 1.012, -1.154, 0.003]
[0.951, 0.114, 0.011, 1.018, -1.156, 0.003]
[0.963, 0.118, 0.012, 1.024, -1.158, 0.003]
[0.975, 0.122, 0.012, 1.030, -1.161, 0.003]
[0.987, 0.126, 0.013, 1.036, -1.163, 0.003]
[0.999, 0.130, 0.013, 1.042, -1.165, 0.003]
[1.011, 0.134, 0.014, 1.047, -1.167, 0.003]
[1.023, 0.138, 0.014, 1.053, -1.169, 0.003]
[1.035, 0.142, 0.015, 1.059, -1.172, 0.003]
[1.047, 0.146, 0.015, 1.065, -1.174, 0.003]
[1.059, 0.150, 0.016, 1.071, -1.176, 0.003]
[1.071, 0.154, 0.016, 1.077, -1.178, 0.003]
[1.083, 0.158, 0.017, 1.082, -1.180, 0.003]
[1.095, 0.162, 0.017, 1.088, -1.183, 0.003]
[1.107, 0.166, 0.018, 1.094, -1.185, 0.003]
[1.119, 0.170, 0.018, 1.100, -1.187, 0.003]
[1.131, 0.174, 0.019, 1.106, -1.189, 0.003]
[1.143, 0.178, 0.019, 1.112, -1.192, 0.003]
[1.155, 0.182, 0.020, 1.117, -1.194, 0.003]
[1.167, 0.186, 0.020, 1.123, -1.196, 0.003]
[1.179, 0.190, 0.021, 1.129, -1.198, 0.003]
[1.191, 0.194, 0.021, 1.135, -1.200, 0.003]
[1.203, 0.198, 0.022, 1.141, -1.203, 0.003]
[1.215, 0.202, 0.022, 1.147, -1.205, 0.003]
[1.227, 0.206, 0.023, 1.152, -1.207, 0.003]
[1.239, 0.210, 0.023, 1.158, -1.209, 0.003]
[1.250, 0.214, 0.024, 1.164, -1.211, 0.003]
[1.262, 0.218, 0.024, 1.170, -1.214, 0.003]
[1.274, 0.222, 0.025, 1.176, -1.216, 0.003]
[1.286, 0.226, 0.025, 1.182, -1.218, 0.003]
[1.298, 0.230, 0.026, 1.187, -1.220, 0.003]
[1.310, 0.234, 0.026, 1.193, -1.222, 0.003]
[1.322, 0.237, 0.027, 1.199, -1.225, 0.003]
[1.334, 0.241, 0.027, 1.205, -1.227, 0.003]
[1.346, 0.245, 0.028, 1.211, -1.229, 0.003]
[1.358, 0.249, 0.028, 1.217, -1.231, 0.003]
[1.370, 0.253, 0.029, 1.223, -1.234, 0.003]
[1.382, 0.257, 0.029, 1.228, -1.236, 0.003]
[1.394, 0.261, 0.030, 1.234, -1.238, 0.003]
[1.406, 0.265, 0.030, 1.240, -1.240, 0.003]
[1.418, 0.269, 0.031, 1.246, -1.242, 0.003]
[1.430, 0.273, 0.031, 1.252, -1.245, 0.003]
[1.442, 0.277, 0.032, 1.258, -1.247, 0.003]
[1.454, 0.281, 0.032, 1.263, -1.249, 0.003]
[1.466, 0.285, 0.033, 1.269, -1.251, 0.003]
[1.478, 0.289, 0.033, 1.275, -1.253, 0.003]
[1.490, 0.293, 0.034, 1.281, -1.256, 0.003]
[1.502, 0.297, 0.034, 1.287, -1.258, 0.003]
[1.514, 0.301, 0.035, 1.293, -1.260, 0.003]
[1.526, 0.305, 0.035, 1.298, -1.262, 0.003]
[1.538, 0.309, 0.036, 1.304, -1.265, 0.003]
[1.550, 0.313, 0.037, 1.310, -1.267, 0.003]
[1.562, 0.317, 0.037, 1.316, -1.269, 0.003]
[1.574, 0.321, 0.038, 1.322, -1.271, 0.003]
[1.586, 0.325, 0.038, 1.328, -1.273, 0.003]
[1.598, 0.329, 0.039, 1.333, -1.276, 0.003]
[1.610, 0.333, 0.039, 1.339, -1.278, 0.003]
[1.622, 0.337, 0.040, 1.345, -1.280, 0.003]
[1.634, 0.341, 0.040, 1.351, -1.282, 0.003]
[1.646, 0.345, 0.041, 1.357, -1.284, 0.003]
[1.658, 0.349, 0.041, 1.363, -1.287, 0.003]
[1.670, 0.353, 0.042, 1.368, -1.289, 0.003]
[1.682, 0.357, 0.042, 1.374, -1.291, 0.003]
[1.694, 0.361, 0.043, 1.380, -1.293, 0.003]
[1.706, 0.365, 0.043, 1.386, -1.296, 0.003]
[1.718, 0.369, 0.044, 1.392, -1.298, 0.003]
[1.730, 0.373, 0.044, 1.398, -1.300, 0.003]
[1.742, 0.377, 0.045, 1.404, -1.302, 0.003]
[1.754, 0.381, 0.045, 1.409, -1.304, 0.003]
[1.766, 0.385, 0.046, 1.415, -1.307, 0.003]
[1.778, 0.389, 0.046, 1.421, -1.309, 0.003]
[1.790, 0.393, 0.047, 1.427, -1.311, 0.003]
[1.802, 0.397, 0.047, 1.433, -1.313, 0.003]
[1.814, 0.401, 0.048, 1.439, -1.315, 0.003]
[1.826, 0.405, 0.048, 1.444, -1.318, 0.003]
[1.838, 0.409, 0.049, 1.450, -1.320, 0.003]
[1.850, 0.413, 0.049, 1.456, -1.322, 0.003]
[1.862, 0.417, 0.050, 1.462, -1.324, 0.003]
[1.874, 0.420, 0.050, 1.468, -1.327, 0.003]
[1.886, 0.424, 0.051, 1.474, -1.329, 0.003]
[1.898, 0.428, 0.051, 1.479, -1.331, 0.003]
[1.910, 0.432, 0.052, 1.485, -1.333, 0.003]
[1.922, 0.436, 0.052, 1.491, -1.335, 0.003]
[1.934, 0.440, 0.053, 1.497, -1.338, 0.003]
[1.946, 0.444, 0.053, 1.503, -1.340, 0.003]
[1.958, 0.448, 0.054, 1.509, -1.342, 0.003]
[1.970, 0.452, 0.054, 1.514, -1.344, 0.003]
[1.982, 0.456, 0.055, 1.520, -1.346, 0.003]
[1.994, 0.460, 0.055, 1.526, -1.349, 0.003]
[2.006, 0.464, 0.056, 1.532, -1.351, 0.003]
[2.018, 0.468, 0.056, 1.538, -1.353, 0.003]
[2.030, 0.472, 0.057, 1.544, -1.355, 0.003]
[2.042, 0.476, 0.057, 1.549, -1.357, 0.003]
[2.054, 0.480, 0.058, 1.555, -1.360, 0.003]
[2.066, 0.484, 0.058, 1.561, -1.362, 0.003]
[2.078, 0.488, 0.059, 1.567, -1.364, 0.003]
[2.090, 0.492, 0.059, 1.573, -1.366, 0.003]
[2.102, 0.496, 0.060, 1.579, -1.369, 0.003]
[2.114, 0.500, 0.061, 1.585, -1.371, 0.003]
[2.126, 0.504, 0.061, 1.590, -1.373, 0.003]
[2.138, 0.508, 0.062, 1.596, -1.375, 0.003]
[2.150, 0.512, 0.062, 1.602, -1.377, 0.003]
[2.162, 0.516, 0.063, 1.608, -1.380, 0.003]
[2.174, 0.520, 0.063, 1.614, -1.382, 0.003]
[2.186, 0.524, 0.064, 1.620, -1.384, 0.003]
[2.198, 0.528, 0.064, 1.625, -1.386, 0.003]
[2.210, 0.532, 0.065, 1.631, -1.388, 0.003]
[2.222, 0.536, 0.065, 1.637, -1.391, 0.003]
[2.234, 0.540, 0.066, 1.643, -1.393, 0.003]
[2.246, 0.544, 0.066, 1.649, -1.395, 0.003]
[2.258, 0.548, 0.067, 1.655, -1.397, 0.003]
[2.270, 0.552, 0.067, 1.660, -1.400, 0.003]
[2.283, 0.556, 0.068, 1.666, -1.402, 0.003]
[2.295, 0.560, 0.068, 1.672, -1.404, 0.003]
[2.307, 0.564, 0.069, 1.678, -1.406, 0.003]
[2.319, 0.568, 0.069, 1.684, -1.408, 0.003]
[2.330, 0.572, 0.070, 1.689, -1.411, 0.003]
[2.341, 0.576, 0.070, 1.695, -1.413, 0.003]
[2.352, 0.579, 0.071, 1.700, -1.415, 0.003]
[2.363, 0.583, 0.071, 1.705, -1.417, 0.003]
[2.373, 0.586, 0.072, 1.710, -1.418, 0.003]
[2.382, 0.589, 0.072, 1.715, -1.420, 0.003]
[2.391, 0.592, 0.072, 1.719, -1.422, 0.003]
[2.400, 0.595, 0.073, 1.724, -1.423, 0.003]
[2.410, 0.598, 0.073, 1.728, -1.425, 0.003]
[2.418, 0.601, 0.074, 1.732, -1.427, 0.003]
[2.426, 0.604, 0.074, 1.736, -1.428, 0.003]
[2.433, 0.606, 0.074, 1.740, -1.430, 0.003]
[2.439, 0.608, 0.075, 1.742, -1.431, 0.003]
[2.444, 0.610, 0.075, 1.745, -1.432, 0.003]
[2.449, 0.610, 0.076, 1.748, -1.433, 0.003]
[2.454, 0.610, 0.075, 1.750, -1.433, 0.003]
[2.459, 0.610, 0.075, 1.752, -1.434, 0.003]
[2.464, 0.610, 0.075, 1.755, -1.435, 0.003]
[2.468, 0.610, 0.076, 1.757, -1.436, 0.003]
[2.473, 0.610, 0.076, 1.759, -1.437, 0.003]
[2.477, 0.610, 0.076, 1.761, -1.438, 0.003]
[2.480, 0.610, 0.076, 1.763, -1.438, 0.003]
[2.484, 0.610, 0.076, 1.764, -1.439, 0.003]
[2.487, 0.610, 0.076, 1.766, -1.439, 0.003]
[2.489, 0.610, 0.077, 1.767, -1.440, 0.003]
[2.491, 0.610, 0.077, 1.768, -1.440, 0.003]
[2.493, 0.610, 0.077, 1.769, -1.441, 0.003]
[2.494, 0.610, 0.077, 1.769, -1.441, 0.003]
[2.495, 0.610, 0.077, 1.770, -1.441, 0.003]
[2.495, 0.610, 0.077, 1.770, -1.441, 0.003]
[2.495, 0.610, 0.077, 1.770, -1.441, 0.003]
[2.495, 0.610, 0.077, 1.770, -1.441, 0.003]
[2.495, 0.610, 0.077, 1.770, -1.441, 0.003]
[2.495, 0.610, 0.077, 1.770, -1.441, 0.003]
[2.495, 0.610, 0.077, 1.770, -1.441, 0.003]
[2.495, 0.610, 0.077, 1.770, -1.441, 0.003]
[2.495, 0.610, 0.077, 1.770, -1.441, 0.003]
[2.495, 0.610, 0.077, 1.770, -1.441, 0.003]
[2.496, 0.610, 0.079, 1.771, -1.442, 0.003]
[2.497, 0.610, 0.080, 1.771, -1.442, 0.003]
[2.497, 0.610, 0.081, 1.771, -1.442, 0.003]
[2.496, 0.610, 0.080, 1.770, -1.441, 0.003]
[2.494, 0.610, 0.079, 1.768, -1.440, 0.003]
[2.491, 0.610, 0.078, 1.767, -1.439, 0.003]
[2.489, 0.610, 0.076, 1.765, -1.437, 0.003]
[2.486, 0.610, 0.075, 1.763, -1.436, 0.003]
[2.483, 0.610, 0.073, 1.761, -1.434, 0.003]
[2.479, 0.610, 0.071, 1.758, -1.432, 0.003]
[2.475, 0.610, 0.069, 1.755, -1.430, 0.003]
[2.471, 0.610, 0.067, 1.753, -1.427, 0.003]
[2.467, 0.610, 0.065, 1.750, -1.425, 0.003]
[2.463, 0.610, 0.062, 1.746, -1.422, 0.003]
[2.458, 0.610, 0.060, 1.743, -1.419, 0.003]
[2.453, 0.610, 0.057, 1.739, -1.416, 0.003]
[2.447, 0.610, 0.054, 1.735, -1.413, 0.003]
[2.441, 0.610, 0.050, 1.731, -1.409, 0.003]
[2.433, 0.610, 0.047, 1.725, -1.405, 0.003]
[2.425, 0.610, 0.042, 1.720, -1.401, 0.003]
[2.417, 0.610, 0.038, 1.714, -1.396, 0.003]
[2.409, 0.610, 0.034, 1.709, -1.392, 0.003]
[2.401, 0.610, 0.029, 1.703, -1.387, 0.003]
[2.392, 0.610, 0.025, 1.696, -1.381, 0.003]
[2.382, 0.610, 0.019, 1.689, -1.376, 0.003]
[2.373, 0.610, 0.014, 1.683, -1.370, 0.003]
[2.363, 0.610, 0.009, 1.675, -1.365, 0.003]
[2.352, 0.610, 0.003, 1.668, -1.359, 0.003]
[2.342, 0.610, -0.002, 1.661, -1.353, 0.003]
[2.331, 0.610, -0.008, 1.653, -1.346, 0.003]
[2.319, 0.610, -0.015, 1.644, -1.339, 0.003]
[2.307, 0.610, -0.021, 1.636, -1.332, 0.003]
[2.294, 0.610, -0.028, 1.627, -1.325, 0.003]
[2.282, 0.610, -0.034, 1.618, -1.318, 0.003]
[2.270, 0.610, -0.041, 1.610, -1.311, 0.003]
[2.258, 0.610, -0.047, 1.601, -1.305, 0.003]
[2.246, 0.610, -0.053, 1.593, -1.298, 0.003]
[2.234, 0.610, -0.060, 1.584, -1.291, 0.003]
[2.222, 0.610, -0.066, 1.576, -1.284, 0.003]
[2.210, 0.610, -0.073, 1.567, -1.277, 0.003]
[2.198, 0.610, -0.079, 1.559, -1.270, 0.003]
[2.186, 0.610, -0.086, 1.550, -1.263, 0.003]
[2.174, 0.610, -0.092, 1.542, -1.256, 0.003]
[2.162, 0.610, -0.098, 1.533, -1.249, 0.003]
[2.150, 0.610, -0.105, 1.525, -1.242, 0.003]
[2.138, 0.610, -0.111, 1.516, -1.235, 0.003]
[2.126, 0.609, -0.117, 1.508, -1.228, 0.003]
[2.114, 0.608, -0.124, 1.499, -1.222, 0.003]
[2.102, 0.608, -0.130, 1.491, -1.215, 0.003]
[2.090, 0.607, -0.137, 1.482, -1.208, 0.003]
[2.078, 0.606, -0.143, 1.474, -1.201, 0.003]
[2.066, 0.606, -0.150, 1.465, -1.194, 0.003]
[2.054, 0.605, -0.156, 1.457, -1.187, 0.003]
[2.042, 0.605, -0.163, 1.448, -1.180, 0.003]
[2.030, 0.604, -0.169, 1.440, -1.173, 0.003]
[2.018, 0.604, -0.175, 1.431, -1.166, 0.003]
[2.006, 0.603, -0.182, 1.423, -1.159, 0.003]
[1.994, 0.602, -0.188, 1.414, -1.152, 0.003]
[1.982, 0.602, -0.195, 1.406, -1.145, 0.003]
[1.970, 0.601, -0.201, 1.397, -1.139, 0.003]
[1.958, 0.601, -0.208, 1.389, -1.132, 0.003]
[1.946, 0.600, -0.214, 1.380, -1.125, 0.003]
[1.934, 0.599, -0.220, 1.372, -1.118, 0.003]
[1.922, 0.599, -0.227, 1.363, -1.111, 0.003]
[1.910, 0.598, -0.233, 1.355, -1.104, 0.003]
[1.898, 0.598, -0.240, 1.346, -1.097, 0.003]
[1.886, 0.597, -0.246, 1.338, -1.090, 0.003]
[1.874, 0.597, -0.252, 1.329, -1.083, 0.003]
[1.862, 0.596, -0.259, 1.321, -1.076, 0.003]
[1.850, 0.595, -0.265, 1.312, -1.069, 0.003]
[1.838, 0.595, -0.272, 1.304, -1.062, 0.003]
[1.826, 0.594, -0.278, 1.295, -1.056, 0.003]
[1.814, 0.594, -0.284, 1.287, -1.049, 0.003]
[1.802, 0.593, -0.291, 1.278, -1.042, 0.003]
[1.790, 0.593, -0.297, 1.270, -1.035, 0.003]
[1.778, 0.592, -0.304, 1.261, -1.028, 0.003]
[1.766, 0.591, -0.310, 1.253, -1.021, 0.003]
[1.754, 0.591, -0.316, 1.244, -1.014, 0.003]
[1.742, 0.590, -0.323, 1.236, -1.007, 0.003]
[1.730, 0.590, -0.329, 1.227, -1.000, 0.003]
[1.718, 0.589, -0.336, 1.219, -0.993, 0.003]
[1.706, 0.589, -0.342, 1.210, -0.986, 0.003]
[1.694, 0.588, -0.349, 1.202, -0.979, 0.003]
[1.682, 0.588, -0.355, 1.193, -0.973, 0.003]
[1.670, 0.587, -0.361, 1.185, -0.966, 0.003]
[1.658, 0.586, -0.368, 1.176, -0.959, 0.003]
[1.646, 0.586, -0.374, 1.167, -0.952, 0.003]
[1.634, 0.585, -0.381, 1.159, -0.945, 0.003]
[1.622, 0.585, -0.387, 1.150, -0.938, 0.003]
[1.610, 0.584, -0.393, 1.142, -0.931, 0.003]
[1.598, 0.584, -0.400, 1.133, -0.924, 0.003]
[1.586, 0.583, -0.406, 1.125, -0.917, 0.003]
[1.574, 0.582, -0.413, 1.116, -0.910, 0.003]
[1.562, 0.582, -0.419, 1.108, -0.903, 0.003]
[1.550, 0.581, -0.425, 1.099, -0.896, 0.003]
[1.538, 0.581, -0.432, 1.091, -0.890, 0.003]
[1.526, 0.580, -0.438, 1.082, -0.883, 0.003]
[1.514, 0.580, -0.445, 1.074, -0.876, 0.003]
[1.502, 0.579, -0.451, 1.065, -0.869, 0.003]
[1.490, 0.579, -0.457, 1.057, -0.862, 0.003]
[1.478, 0.578, -0.464, 1.048, -0.855, 0.003]
[1.466, 0.577, -0.470, 1.040, -0.848, 0.003]
[1.454, 0.577, -0.477, 1.031, -0.841, 0.003]
[1.442, 0.576, -0.483, 1.023, -0.834, 0.003]
[1.430, 0.576, -0.489, 1.014, -0.827, 0.003]
[1.418, 0.575, -0.496, 1.006, -0.820, 0.003]
[1.406, 0.575, -0.502, 0.997, -0.813, 0.003]
[1.394, 0.574, -0.509, 0.989, -0.807, 0.003]
[1.382, 0.574, -0.515, 0.980, -0.800, 0.003]
[1.370, 0.573, -0.521, 0.972, -0.793, 0.003]
[1.358, 0.572, -0.528, 0.963, -0.786, 0.003]
[1.346, 0.572, -0.534, 0.955, -0.779, 0.003]
[1.334, 0.571, -0.541, 0.946, -0.772, 0.003]
[1.322, 0.571, -0.547, 0.938, -0.765, 0.003]
[1.310, 0.570, -0.553, 0.929, -0.758, 0.003]
[1.298, 0.570, -0.560, 0.921, -0.751, 0.003]
[1.286, 0.569, -0.566, 0.912, -0.744, 0.003]
[1.274, 0.569, -0.573, 0.904, -0.737, 0.003]
[1.262, 0.568, -0.579, 0.895, -0.730, 0.003]
[1.250, 0.567, -0.585, 0.887, -0.724, 0.003]
[1.238, 0.567, -0.592, 0.878, -0.717, 0.003]
[1.226, 0.566, -0.598, 0.870, -0.710, 0.003]
[1.214, 0.566, -0.604, 0.861, -0.703, 0.003]
[1.202, 0.565, -0.611, 0.853, -0.696, 0.003]
[1.190, 0.565, -0.617, 0.844, -0.689, 0.003]
[1.178, 0.564, -0.624, 0.836, -0.682, 0.003]
[1.166, 0.564, -0.630, 0.827, -0.675, 0.003]
[1.154, 0.563, -0.636, 0.819, -0.668, 0.003]
[1.142, 0.562, -0.643, 0.810, -0.661, 0.003]
[1.130, 0.562, -0.649, 0.802, -0.654, 0.003]
[1.118, 0.561, -0.656, 0.793, -0.647, 0.003]
[1.106, 0.561, -0.662, 0.785, -0.641, 0.003]
[1.094, 0.560, -0.668, 0.776, -0.634, 0.003]
[1.082, 0.560, -0.675, 0.768, -0.627, 0.003]
[1.070, 0.559, -0.681, 0.759, -0.620, 0.003]
[1.058, 0.559, -0.688, 0.751, -0.613, 0.003]
[1.046, 0.558, -0.694, 0.742, -0.606, 0.003]
[1.034, 0.558, -0.700, 0.734, -0.599, 0.003]
[1.022, 0.557, -0.707, 0.725, -0.592, 0.003]
[1.010, 0.556, -0.713, 0.717, -0.585, 0.003]
[0.998, 0.556, -0.719, 0.708, -0.578, 0.003]
[0.986, 0.555, -0.726, 0.700, -0.571, 0.003]
[0.974, 0.555, -0.732, 0.691, -0.564, 0.003]
[0.962, 0.554, -0.739, 0.682, -0.558, 0.003]
[0.950, 0.554, -0.745, 0.674, -0.551, 0.003]
[0.938, 0.553, -0.751, 0.665, -0.544, 0.003]
[0.926, 0.553, -0.758, 0.657, -0.537, 0.003]
[0.914, 0.552, -0.764, 0.648, -0.530, 0.003]
[0.902, 0.552, -0.771, 0.640, -0.523, 0.003]
[0.890, 0.551, -0.777, 0.631, -0.516, 0.003]
[0.878, 0.551, -0.783, 0.623, -0.509, 0.003]
[0.866, 0.550, -0.790, 0.614, -0.502, 0.003]
[0.854, 0.549, -0.796, 0.606, -0.495, 0.003]
[0.842, 0.549, -0.802, 0.597, -0.488, 0.003]
[0.830, 0.548, -0.809, 0.589, -0.482, 0.003]
[0.818, 0.548, -0.815, 0.580, -0.475, 0.003]
[0.806, 0.547, -0.822, 0.572, -0.468, 0.003]
[0.794, 0.547, -0.828, 0.563, -0.461, 0.003]
[0.782, 0.546, -0.834, 0.555, -0.454, 0.003]
[0.770, 0.546, -0.841, 0.546, -0.447, 0.003]
[0.758, 0.545, -0.847, 0.538, -0.440, 0.003]
[0.746, 0.545, -0.853, 0.529, -0.433, 0.003]
[0.734, 0.544, -0.860, 0.521, -0.426, 0.003]
[0.722, 0.544, -0.866, 0.512, -0.419, 0.003]
[0.710, 0.543, -0.873, 0.504, -0.412, 0.003]
[0.698, 0.542, -0.879, 0.495, -0.405, 0.003]
[0.686, 0.542, -0.885, 0.487, -0.399, 0.003]
[0.674, 0.541, -0.892, 0.478, -0.392, 0.003]
[0.662, 0.541, -0.898, 0.470, -0.385, 0.003]
[0.650, 0.540, -0.904, 0.461, -0.378, 0.003]
[0.638, 0.540, -0.911, 0.453, -0.371, 0.003]
[0.626, 0.539, -0.917, 0.444, -0.364, 0.003]
[0.614, 0.539, -0.924, 0.436, -0.357, 0.003]
[0.602, 0.538, -0.930, 0.427, -0.350, 0.003]
[0.590, 0.538, -0.936, 0.419, -0.343, 0.003]
[0.578, 0.537, -0.943, 0.410, -0.336, 0.003]
[0.566, 0.537, -0.949, 0.402, -0.329, 0.003]
[0.554, 0.536, -0.955, 0.393, -0.322, 0.003]
[0.542, 0.536, -0.962, 0.385, -0.316, 0.003]
[0.530, 0.535, -0.968, 0.376, -0.309, 0.003]
[0.518, 0.534, -0.975, 0.368, -0.302, 0.003]
[0.506, 0.534, -0.981, 0.359, -0.295, 0.003]
[0.494, 0.533, -0.987, 0.351, -0.288, 0.003]
[0.482, 0.533, -0.994, 0.342, -0.281, 0.003]
[0.470, 0.532, -1.000, 0.334, -0.274, 0.003]
[0.458, 0.532, -1.006, 0.325, -0.267, 0.003]
[0.446, 0.531, -1.013, 0.317, -0.260, 0.003]
[0.434, 0.531, -1.019, 0.308, -0.253, 0.003]
[0.422, 0.530, -1.026, 0.299, -0.246, 0.003]
[0.410, 0.530, -1.032, 0.291, -0.239, 0.003]
[0.398, 0.529, -1.038, 0.282, -0.233, 0.003]
[0.386, 0.529, -1.045, 0.274, -0.226, 0.003]
[0.374, 0.528, -1.051, 0.265, -0.219, 0.003]
[0.362, 0.528, -1.057, 0.257, -0.212, 0.003]
[0.350, 0.527, -1.064, 0.248, -0.205, 0.003]
[0.338, 0.527, -1.070, 0.240, -0.198, 0.003]
[0.326, 0.526, -1.076, 0.231, -0.191, 0.003]
[0.314, 0.526, -1.083, 0.223, -0.184, 0.003]
[0.302, 0.525, -1.089, 0.214, -0.177, 0.003]
[0.290, 0.524, -1.096, 0.206, -0.170, 0.003]
[0.278, 0.524, -1.102, 0.197, -0.163, 0.003]
[0.266, 0.523, -1.108, 0.189, -0.156, 0.003]
[0.254, 0.523, -1.115, 0.180, -0.150, 0.003]
[0.242, 0.522, -1.121, 0.172, -0.143, 0.003]
[0.230, 0.522, -1.127, 0.163, -0.136, 0.003]
[0.218, 0.521, -1.134, 0.155, -0.129, 0.003]
[0.206, 0.521, -1.140, 0.146, -0.122, 0.003]
[0.194, 0.520, -1.146, 0.138, -0.115, 0.003]
[0.183, 0.520, -1.153, 0.129, -0.108, 0.003]
[0.171, 0.519, -1.159, 0.121, -0.102, 0.003]
[0.160, 0.519, -1.165, 0.113, -0.095, 0.003]
[0.149, 0.518, -1.171, 0.106, -0.089, 0.003]
[0.139, 0.518, -1.176, 0.098, -0.083, 0.003]
[0.129, 0.517, -1.181, 0.091, -0.077, 0.003]
[0.119, 0.517, -1.186, 0.084, -0.072, 0.003]
[0.110, 0.517, -1.191, 0.078, -0.066, 0.003]
[0.101, 0.516, -1.196, 0.071, -0.061, 0.003]
[0.092, 0.516, -1.201, 0.065, -0.056, 0.003]
[0.084, 0.515, -1.205, 0.059, -0.051, 0.003]
[0.076, 0.515, -1.209, 0.054, -0.047, 0.003]
[0.068, 0.515, -1.213, 0.048, -0.042, 0.003]
[0.061, 0.515, -1.217, 0.043, -0.038, 0.003]
[0.053, 0.514, -1.221, 0.038, -0.034, 0.003]
[0.047, 0.514, -1.225, 0.033, -0.030, 0.003]
[0.041, 0.514, -1.228, 0.030, -0.027, 0.003]
[0.037, 0.513, -1.230, 0.026, -0.024, 0.003]
[0.033, 0.513, -1.232, 0.023, -0.022, 0.003]
[0.028, 0.513, -1.234, 0.020, -0.019, 0.003]
[0.024, 0.513, -1.237, 0.017, -0.017, 0.003]
[0.020, 0.513, -1.239, 0.014, -0.015, 0.003]
[0.017, 0.513, -1.241, 0.012, -0.013, 0.003]
[0.013, 0.512, -1.242, 0.009, -0.011, 0.003]
[0.010, 0.512, -1.244, 0.007, -0.009, 0.003]
[0.007, 0.512, -1.246, 0.005, -0.007, 0.003]
[0.005, 0.512, -1.247, 0.003, -0.006, 0.003]
[0.003, 0.512, -1.248, 0.002, -0.005, 0.003]
[0.001, 0.512, -1.249, 0.001, -0.004, 0.003]
[0.000, 0.512, -1.249, 0.000, -0.003, 0.003]
[-0.000, 0.512, -1.250, 0.000, -0.003, 0.003]
[-0.000, 0.512, -1.250, -0.000, -0.003, 0.003]
[0.000, 0.512, -1.249, -0.000, -0.003, 0.003]
[0.000, 0.512, -1.249, -0.000, -0.003, 0.003]
[0.000, 0.512, -1.249, -0.000, -0.003, 0.003]
[0.000, 0.512, -1.249, -0.000, -0.003, 0.003]
[0.000, 0.512, -1.249, -0.000, -0.003, 0.003]
[0.000, 0.512, -1.249, -0.000, -0.003, 0.003]
[0.000, 0.512, -1.249, -0.000, -0.003, 0.003]
[0.000, 0.512, -1.249, -0.000, -0.003, 0.003]
[0.000, 0.512, -1.248, -0.000, -0.003, 0.003]
[0.000, 0.512, -1.247, -0.000, -0.003, 0.003]
[0.000, 0.511, -1.245, -0.000, -0.003, 0.003]
[0.000, 0.511, -1.242, -0.000, -0.003, 0.003]
[0.000, 0.511, -1.239, -0.000, -0.003, 0.003]
[0.000, 0.510, -1.235, -0.000, -0.003, 0.003]
[0.000, 0.509, -1.231, -0.000, -0.003, 0.003]
[0.000, 0.509, -1.226, -0.000, -0.003, 0.003]
[0.000, 0.507, -1.220, -0.000, -0.003, 0.003]
[0.000, 0.506, -1.215, -0.000, -0.003, 0.003]
[0.000, 0.505, -1.209, -0.000, -0.003, 0.003]
[0.000, 0.503, -1.203, -0.000, -0.003, 0.003]
[0.000, 0.501, -1.197, -0.000, -0.003, 0.003]
[0.000, 0.499, -1.191, -0.000, -0.003, 0.003]
[0.000, 0.497, -1.184, -0.000, -0.003, 0.003]
[0.000, 0.494, -1.178, -0.000, -0.003, 0.003]
[0.000, 0.492, -1.172, -0.000, -0.003, 0.003]
[0.000, 0.489, -1.165, -0.000, -0.003, 0.003]
[0.000, 0.486, -1.158, -0.000, -0.003, 0.003]
[0.000, 0.482, -1.149, -0.000, -0.003, 0.003]
[0.000, 0.478, -1.140, -0.000, -0.003, 0.003]
[0.000, 0.474, -1.130, -0.000, -0.003, 0.003]
[0.000, 0.470, -1.119, -0.000, -0.003, 0.003]
[0.000, 0.465, -1.108, -0.000, -0.003, 0.003]
[0.000, 0.460, -1.097, -0.000, -0.003, 0.003]
[0.000, 0.456, -1.086, -0.000, -0.003, 0.003]
[0.000, 0.451, -1.075, -0.000, -0.003, 0.003]
[0.000, 0.446, -1.064, -0.000, -0.003, 0.003]
[0.000, 0.441, -1.052, -0.000, -0.003, 0.003]
[0.000, 0.436, -1.039, -0.000, -0.003, 0.003]
[0.000, 0.431, -1.027, -0.000, -0.002, 0.003]
[0.000, 0.426, -1.014, -0.000, -0.002, 0.002]
[0.000, 0.421, -1.002, -0.000, -0.002, 0.002]
[0.000, 0.416, -0.990, -0.000, -0.002, 0.002]
[0.000, 0.411, -0.978, -0.000, -0.002, 0.002]
[0.000, 0.406, -0.966, -0.000, -0.002, 0.002]
[0.000, 0.400, -0.954, -0.000, -0.002, 0.002]
[0.000, 0.395, -0.942, -0.000, -0.002, 0.002]
[0.000, 0.390, -0.931, -0.000, -0.002, 0.002]
[0.000, 0.385, -0.919, -0.000, -0.002, 0.002]
[0.000, 0.380, -0.907, -0.000, -0.002, 0.002]
[0.000, 0.375, -0.895, -0.000, -0.002, 0.002]
[0.000, 0.370, -0.883, -0.000, -0.002, 0.002]
[0.000, 0.365, -0.871, -0.000, -0.002, 0.002]
[-0.000, 0.360, -0.859, -0.000, -0.002, 0.002]
[-0.000, 0.355, -0.847, -0.000, -0.002, 0.002]
[-0.000, 0.350, -0.835, -0.000, -0.002, 0.002]
[-0.000, 0.345, -0.823, -0.000, -0.002, 0.002]
[-0.000, 0.340, -0.811, -0.000, -0.002, 0.002]
[-0.000, 0.335, -0.799, -0.000, -0.002, 0.002]
[-0.000, 0.330, -0.787, -0.000, -0.002, 0.002]
[-0.000, 0.325, -0.775, -0.000, -0.002, 0.002]
[-0.000, 0.320, -0.763, -0.000, -0.002, 0.002]
[-0.000, 0.315, -0.751, -0.000, -0.002, 0.002]
[-0.000, 0.310, -0.739, -0.000, -0.002, 0.002]
[-0.000, 0.305, -0.727, -0.000, -0.002, 0.002]
[-0.000, 0.300, -0.715, -0.000, -0.002, 0.002]
[-0.000, 0.295, -0.703, -0.000, -0.002, 0.002]
[-0.000, 0.290, -0.691, -0.000, -0.002, 0.002]
[-0.000, 0.285, -0.679, -0.000, -0.002, 0.002]
[-0.000, 0.280, -0.667, -0.000, -0.002, 0.002]
[-0.000, 0.275, -0.655, -0.000, -0.002, 0.002]
[-0.000, 0.270, -0.643, -0.000, -0.002, 0.002]
[-0.000, 0.265, -0.631, -0.000, -0.002, 0.002]
[-0.000, 0.260, -0.619, -0.000, -0.002, 0.002]
[-0.000, 0.255, -0.607, -0.000, -0.002, 0.001]
[-0.000, 0.250, -0.595, -0.000, -0.001, 0.001]
[-0.000, 0.245, -0.583, -0.000, -0.001, 0.001]
[-0.000, 0.240, -0.571, -0.000, -0.001, 0.001]
[-0.000, 0.235, -0.559, -0.000, -0.001, 0.001]
[-0.000, 0.230, -0.547, -0.000, -0.001, 0.001]
[-0.000, 0.225, -0.535, -0.000, -0.001, 0.001]
[-0.000, 0.219, -0.523, -0.000, -0.001, 0.001]
[-0.000, 0.214, -0.511, -0.000, -0.001, 0.001]
[-0.000, 0.209, -0.499, -0.000, -0.001, 0.001]
[-0.000, 0.204, -0.487, -0.000, -0.001, 0.001]
[-0.000, 0.199, -0.475, -0.000, -0.001, 0.001]
[-0.000, 0.194, -0.463, -0.000, -0.001, 0.001]
[-0.000, 0.189, -0.451, -0.000, -0.001, 0.001]
[-0.000, 0.184, -0.439, -0.000, -0.001, 0.001]
[-0.000, 0.179, -0.427, -0.000, -0.001, 0.001]
[-0.000, 0.174, -0.415, -0.000, -0.001, 0.001]
[-0.000, 0.169, -0.403, -0.000, -0.001, 0.001]
[-0.000, 0.164, -0.391, -0.000, -0.001, 0.001]
[-0.000, 0.159, -0.379, -0.000, -0.001, 0.001]
[-0.000, 0.154, -0.367, -0.000, -0.001, 0.001]
[-0.000, 0.149, -0.355, -0.000, -0.001, 0.001]
[-0.000, 0.144, -0.343, -0.000, -0.001, 0.001]
[-0.000, 0.139, -0.331, -0.000, -0.001, 0.001]
[-0.000, 0.134, -0.319, -0.000, -0.001, 0.001]
[-0.000, 0.129, -0.307, -0.000, -0.001, 0.001]
[-0.000, 0.124, -0.295, -0.000, -0.001, 0.001]
[-0.000, 0.119, -0.283, -0.000, -0.001, 0.001]
[-0.000, 0.114, -0.271, -0.000, -0.001, 0.001]
[-0.000, 0.109, -0.259, -0.000, -0.001, 0.001]
[-0.000, 0.104, -0.247, -0.000, -0.001, 0.001]
[-0.000, 0.099, -0.235, -0.000, -0.001, 0.001]
[-0.000, 0.094, -0.222, 0.000, -0.001, 0.001]
[-0.000, 0.089, -0.210, -0.000, -0.001, 0.000]
[-0.000, 0.083, -0.197, -0.000, -0.001, 0.000]
[-0.000, 0.078, -0.185, -0.000, -0.000, 0.000]
[-0.000, 0.074, -0.174, -0.000, -0.000, 0.000]
[-0.000, 0.069, -0.163, -0.000, -0.000, 0.000]
[-0.000, 0.065, -0.152, -0.000, -0.000, 0.000]
[-0.000, 0.060, -0.142, 0.000, -0.000, 0.000]
[-0.000, 0.056, -0.131, -0.000, -0.000, 0.000]
[-0.000, 0.051, -0.120, -0.000, -0.000, 0.000]
[-0.000, 0.047, -0.110, -0.000, -0.000, 0.000]
[-0.000, 0.043, -0.100, -0.000, -0.000, 0.000]
[-0.000, 0.039, -0.092, -0.000, -0.000, 0.000]
[-0.000, 0.036, -0.085, -0.000, -0.000, 0.000]
[-0.000, 0.034, -0.078, -0.000, -0.000, 0.000]
[-0.000, 0.031, -0.072, -0.000, -0.000, 0.000]
[-0.000, 0.028, -0.065, -0.000, -0.000, 0.000]
[-0.000, 0.026, -0.059, -0.000, -0.000, 0.000]
[-0.000, 0.023, -0.053, -0.000, -0.000, 0.000]
[-0.000, 0.021, -0.048, -0.000, -0.000, 0.000]
[-0.000, 0.019, -0.042, -0.000, -0.000, 0.000]
[-0.000, 0.016, -0.037, -0.000, -0.000, 0.000]
[-0.000, 0.014, -0.032, -0.000, -0.000, 0.000]
[-0.000, 0.012, -0.027, -0.000, -0.000, 0.000]
[-0.000, 0.010, -0.022, -0.000, -0.000, 0.000]
[-0.000, 0.009, -0.018, -0.000, -0.000, 0.000]
[-0.000, 0.007, -0.014, -0.000, -0.000, 0.000]
[-0.000, 0.005, -0.011, -0.000, -0.000, 0.000]
[-0.000, 0.004, -0.008, -0.000, -0.000, -0.000]
[-0.000, 0.003, -0.005, -0.000, -0.000, -0.000]
[-0.000, 0.002, -0.003, -0.000, -0.000, -0.000]
[-0.000, 0.002, -0.002, -0.000, -0.000, -0.000]
[-0.000, 0.001, -0.001, -0.000, -0.000, -0.000]
[-0.000, 0.001, -0.000, -0.000, -0.000, -0.000]
[-0.000, 0.001, -0.000, -0.000, -0.000, -0.000]
[-0.000, 0.001, -0.000, 0.000, -0.000, -0.000]
