[0.0231, 0.0087, 0.0036, 0.0093, -0.0016, -0.0071], 1
[0.0231, 0.0087, 0.0077, 0.0246, -0.0078, -0.0071], 60
[0.0498, 0.0151, 0.0077, 0.0538, -0.0338, -0.0071], 60
[0.0845, 0.022, 0.0138, 0.0783, -0.0568, -0.0071], 60
[0.1213, 0.0294, 0.0204, 0.1013, -0.0768, -0.0071], 60
[0.1213, 0.0294, 0.0281, 0.1213, -0.0967, -0.0071], 60
[0.1589, 0.0371, 0.0281, 0.1489, -0.1228, -0.0071], 60
[0.1979, 0.0449, 0.0358, 0.1688, -0.1382, -0.002], 60
[0.2362, 0.0527, 0.0439, 0.1888, -0.155, -0.0071], 60
[0.2362, 0.0527, 0.0511, 0.2133, -0.1765, -0.0071], 60
[0.2737, 0.0605, 0.0511, 0.2317, -0.1918, -0.002], 60
[0.312, 0.0679, 0.0593, 0.2547, -0.2118, -0.0071], 61
[0.3503, 0.0757, 0.0669, 0.2777, -0.2317, -0.0071], 60
[0.3503, 0.0757, 0.0746, 0.2946, -0.2455, -0.002], 60
[0.3878, 0.0835, 0.0746, 0.3207, -0.2655, -0.0071], 60
[0.4254, 0.0908, 0.0822, 0.3391, -0.2793, -0.0071], 60
[0.4644, 0.0981, 0.0899, 0.359, -0.2977, -0.0071], 60
[0.4644, 0.0981, 0.0899, 0.3775, -0.3176, -0.002], 60
[0.5027, 0.1059, 0.0976, 0.3989, -0.3345, -0.0071], 61
[0.5409, 0.1137, 0.1052, 0.4265, -0.359, -0.002], 61
[0.5792, 0.1215, 0.1129, 0.4449, -0.3759, -0.002], 60
[0.6175, 0.1289, 0.1206, 0.471, -0.3959, -0.0071], 60
[0.6175, 0.1289, 0.1287, 0.491, -0.4097, -0.0071], 60
[0.6558, 0.1367, 0.1287, 0.5124, -0.4281, -0.0071], 60
[0.6948, 0.1445, 0.1359, 0.5324, -0.4449, -0.0071], 60
[0.733, 0.1523, 0.1441, 0.5523, -0.4618, -0.002], 60
[0.733, 0.1523, 0.1517, 0.5707, -0.4756, -0.002], 60
[0.772, 0.1601, 0.1517, 0.5907, -0.4925, -0.002], 60
[0.8103, 0.1679, 0.1594, 0.6152, -0.5109, -0.0071], 60
[0.8486, 0.1761, 0.167, 0.6352, -0.5262, -0.0071], 60
[0.8486, 0.1761, 0.167, 0.6597, -0.5493, -0.0071], 60
[0.8869, 0.1839, 0.1752, 0.675, -0.5631, -0.0071], 60
[0.9251, 0.1908, 0.1829, 0.6981, -0.583, -0.0071], 60
[0.9634, 0.1986, 0.1905, 0.7119, -0.5953, -0.0071], 60
[0.9634, 0.1986, 0.1982, 0.7395, -0.6168, -0.0071], 60
[1.0017, 0.2064, 0.1982, 0.7594, -0.6321, -0.0071], 60
[1.04, 0.2142, 0.2059, 0.7794, -0.649, -0.002], 60
[1.079, 0.222, 0.2135, 0.8054, -0.6689, -0.0071], 60
[1.079, 0.222, 0.2217, 0.8223, -0.6873, -0.0071], 60
[1.1173, 0.2298, 0.2217, 0.8407, -0.7011, -0.002], 60
[1.1555, 0.2376, 0.2289, 0.8622, -0.7195, -0.0071], 60
[1.1931, 0.2454, 0.237, 0.8821, -0.7349, -0.002], 60
[1.1931, 0.2454, 0.2447, 0.9021, -0.7533, -0.0071], 60
[1.2314, 0.2527, 0.2447, 0.9235, -0.7732, -0.0071], 60
[1.2704, 0.26, 0.2523, 0.945, -0.7886, -0.0071], 60
[1.3094, 0.2683, 0.26, 0.968, -0.8085, -0.0071], 60
[1.3094, 0.2683, 0.2677, 0.988, -0.8208, -0.0071], 60
[1.3484, 0.2756, 0.2677, 1.011, -0.8438, -0.0071], 60
[1.3866, 0.2834, 0.2753, 1.0325, -0.8607, -0.0071], 60
[1.4249, 0.2908, 0.2825, 1.0509, -0.8745, -0.0071], 60
[1.4625, 0.2986, 0.2902, 1.0739, -0.8975, -0.002], 60
[1.4625, 0.2986, 0.2978, 1.0938, -0.9159, -0.002], 60
[1.5007, 0.3064, 0.2978, 1.1153, -0.9312, -0.0071], 60
[1.539, 0.3142, 0.3055, 1.1383, -0.9496, -0.0071], 60
[1.5773, 0.3215, 0.3131, 1.1552, -0.9665, -0.0071], 60
[1.5773, 0.3215, 0.3208, 1.1797, -0.9864, -0.0071], 60
[1.6156, 0.3298, 0.3208, 1.2027, -1.0049, -0.0071], 60
[1.6538, 0.3371, 0.3285, 1.2257, -1.0202, -0.0071], 60
[1.6921, 0.3444, 0.3356, 1.2395, -1.0371, -0.0071], 60
[1.6921, 0.3444, 0.3356, 1.2656, -1.0555, -0.0071], 60
[1.7304, 0.3527, 0.3433, 1.284, -1.0693, -0.0071], 60
[1.7687, 0.3609, 0.3509, 1.3086, -1.0923, -0.0071], 60
[1.807, 0.3683, 0.3586, 1.3239, -1.1076, -0.0071], 60
[1.807, 0.3683, 0.3663, 1.35, -1.1276, -0.0071], 60
[1.846, 0.3761, 0.3663, 1.3699, -1.1398, -0.0071], 60
[1.8842, 0.3839, 0.3739, 1.3929, -1.1598, -0.002], 60
[1.9225, 0.3917, 0.3816, 1.4083, -1.1767, -0.0071], 60
[1.9225, 0.3917, 0.3898, 1.4344, -1.1951, -0.0071], 60
[1.9615, 0.3995, 0.3898, 1.4543, -1.2089, -0.0071], 60
[1.9998, 0.4068, 0.3969, 1.4758, -1.2273, -0.0071], 60
[2.0373, 0.4146, 0.4046, 1.4911, -1.2442, -0.0071], 60
[2.0373, 0.4146, 0.4122, 1.5172, -1.2626, -0.002], 60
[2.0763, 0.4224, 0.4122, 1.5402, -1.281, -0.0071], 60
[2.1146, 0.4297, 0.4204, 1.554, -1.2963, -0.002], 60
[2.1536, 0.4371, 0.4286, 1.574, -1.3101, -0.0071], 60
[2.1536, 0.4371, 0.4357, 1.5954, -1.3301, -0.0071], 60
[2.1919, 0.4449, 0.4357, 1.623, -1.35, -0.0071], 60
[2.2302, 0.4527, 0.4439, 1.6507, -1.3745, -0.002], 62
[2.2684, 0.46, 0.4516, 1.6691, -1.3899, -0.0071], 60
[2.3067, 0.4673, 0.4597, 1.689, -1.4068, -0.0071], 60
[2.3067, 0.4673, 0.4597, 1.712, -1.4236, -0.0071], 60
[2.345, 0.4751, 0.4669, 1.7274, -1.4405, -0.0071], 60
[2.3833, 0.4829, 0.4751, 1.7488, -1.4574, -0.002], 60
[2.4216, 0.4903, 0.4822, 1.7764, -1.4789, -0.0071], 60
[2.4216, 0.4903, 0.4889, 1.7933, -1.4927, -0.0071], 60
[2.4533, 0.4967, 0.4889, 1.801, -1.4988, -0.0071], 60
[2.4764, 0.5008, 0.494, 1.8102, -1.508, -0.0071], 60
[2.4873, 0.5008, 0.4965, 1.8117, -1.5095, -0.0071], 60
[2.4562, 0.4939, 0.4919, 1.8117, -1.5126, -0.0071], 482
[2.4562, 0.4894, 0.4868, 1.8087, -1.5095, 0.0082], 60
[2.4244, 0.4894, 0.4868, 1.7995, -1.5019, 0.044], 60
[2.3898, 0.482, 0.4807, 1.778, -1.4927, 0.0542], 60
[2.3522, 0.4724, 0.474, 1.7519, -1.4835, 0.0696], 60
[2.3522, 0.4632, 0.4669, 1.7335, -1.4773, 0.0849], 60
[2.3147, 0.4632, 0.4669, 1.7151, -1.4681, 0.1054], 60
[2.2764, 0.4531, 0.4603, 1.7028, -1.462, 0.1207], 60
[2.2381, 0.4435, 0.4531, 1.6844, -1.4558, 0.1309], 60
[2.2381, 0.4334, 0.446, 1.6645, -1.4466, 0.1514], 60
[2.1998, 0.4334, 0.446, 1.6507, -1.439, 0.177], 60
[2.1616, 0.4233, 0.4388, 1.6384, -1.4359, 0.1821], 60
[2.1226, 0.4137, 0.4316, 1.6215, -1.4298, 0.2076], 60
[2.1226, 0.4031, 0.424, 1.6077, -1.4236, 0.223], 60
[2.0843, 0.4031, 0.424, 1.5893, -1.416, 0.2383], 60
[2.0467, 0.393, 0.4173, 1.5786, -1.4098, 0.2537], 60
[2.0085, 0.383, 0.4102, 1.5648, -1.4068, 0.2741], 60
[2.0085, 0.3729, 0.403, 1.5463, -1.3991, 0.2895], 60
[1.9695, 0.3729, 0.403, 1.5341, -1.3929, 0.2997], 60
[1.9312, 0.3623, 0.3959, 1.5203, -1.3868, 0.3304], 60
[1.8922, 0.3518, 0.3887, 1.5095, -1.3822, 0.3406], 60
[1.8922, 0.3417, 0.3816, 1.5003, -1.3776, 0.3457], 60
[1.8532, 0.3417, 0.3816, 1.4835, -1.3684, 0.3661], 60
[1.8149, 0.332, 0.3744, 1.4666, -1.3623, 0.3917], 60
[1.7766, 0.3215, 0.3673, 1.4512, -1.3577, 0.4122], 60
[1.7766, 0.3109, 0.3606, 1.439, -1.3515, 0.4224], 60
[1.7383, 0.3109, 0.3606, 1.4221, -1.3454, 0.448], 60
[1.6993, 0.3009, 0.354, 1.4114, -1.3393, 0.4684], 60
[1.6618, 0.2912, 0.3463, 1.3991, -1.3331, 0.4786], 60
[1.6618, 0.2807, 0.3392, 1.3837, -1.3301, 0.4889], 60
[1.6235, 0.2706, 0.332, 1.3623, -1.3193, 0.5298], 60
[1.5845, 0.2706, 0.332, 1.3515, -1.3178, 0.54], 60
[1.5462, 0.261, 0.3254, 1.3362, -1.3101, 0.5605], 60
[1.5087, 0.2509, 0.3188, 1.3239, -1.304, 0.5809], 60
[1.5087, 0.2408, 0.3121, 1.307, -1.2978, 0.5911], 60
[1.4704, 0.2408, 0.3121, 1.2917, -1.2917, 0.6116], 60
[1.4321, 0.2302, 0.3045, 1.2825, -1.2871, 0.6269], 60
[1.3939, 0.2197, 0.2978, 1.2672, -1.2794, 0.6474], 60
[1.3939, 0.2096, 0.2902, 1.2549, -1.2733, 0.6627], 60
[1.3556, 0.2096, 0.2902, 1.238, -1.2687, 0.6832], 60
[1.3166, 0.1995, 0.283, 1.2257, -1.2641, 0.7036], 60
[1.2783, 0.189, 0.2764, 1.2104, -1.258, 0.7139], 60
[1.2783, 0.1793, 0.2692, 1.1981, -1.2518, 0.7292], 60
[1.2393, 0.1793, 0.2692, 1.1843, -1.2457, 0.7548], 60
[1.201, 0.1692, 0.2626, 1.1705, -1.2395, 0.7701], 61
[1.162, 0.1591, 0.2554, 1.1598, -1.2365, 0.7803], 61
[1.162, 0.1486, 0.2483, 1.1444, -1.2303, 0.811], 60
[1.1245, 0.1486, 0.2483, 1.1291, -1.2242, 0.8212], 60
[1.0855, 0.138, 0.2406, 1.1138, -1.2181, 0.8366], 60
[1.0479, 0.128, 0.2334, 1.1076, -1.2135, 0.857], 60
[1.0479, 0.1179, 0.2268, 1.0908, -1.2043, 0.8724], 60
[1.0096, 0.1179, 0.2268, 1.0739, -1.1981, 0.8877], 60
[0.9706, 0.1078, 0.2197, 1.0539, -1.1935, 0.9184], 61
[0.9324, 0.0977, 0.2125, 1.0432, -1.1859, 0.9388], 65
[0.8941, 0.0876, 0.2059, 1.0355, -1.1813, 0.9491], 60
[0.8941, 0.0775, 0.1987, 1.0125, -1.1751, 0.9593], 60
[0.8558, 0.0775, 0.1987, 1.0049, -1.1705, 0.9849], 60
[0.8175, 0.0674, 0.191, 0.9864, -1.1629, 1.0053], 60
[0.7785, 0.0573, 0.1839, 0.9742, -1.1598, 1.0155], 60
[0.7785, 0.0472, 0.1767, 0.9573, -1.1521, 1.0411], 60
[0.7403, 0.0472, 0.1767, 0.9466, -1.146, 1.0513], 60
[0.7013, 0.0371, 0.1701, 0.9343, -1.1414, 1.0667], 60
[0.663, 0.0266, 0.163, 0.9189, -1.1352, 1.082], 61
[0.663, 0.0165, 0.1558, 0.9036, -1.1291, 1.1076], 60
[0.624, 0.0165, 0.1558, 0.8913, -1.123, 1.1178], 60
[0.5864, 0.0064, 0.1487, 0.876, -1.1153, 1.128], 60
[0.5482, -0.0041, 0.1415, 0.8637, -1.1107, 1.1536], 60
[0.5482, -0.0138, 0.1338, 0.8515, -1.1046, 1.174], 60
[0.5092, -0.0138, 0.1338, 0.8376, -1.0984, 1.1894], 60
[0.4709, -0.0243, 0.1272, 0.8238, -1.0938, 1.1996], 60
[0.4326, -0.0349, 0.12, 0.81, -1.0892, 1.2201], 60
[0.4326, -0.0454, 0.1129, 0.7947, -1.0831, 1.2354], 60
[0.395, -0.0454, 0.1129, 0.7809, -1.0769, 1.2507], 60
[0.3568, -0.0555, 0.1057, 0.7686, -1.0723, 1.2814], 60
[0.3185, -0.0651, 0.0986, 0.7517, -1.0662, 1.2968], 60
[0.3185, -0.0752, 0.0914, 0.7364, -1.0601, 1.307], 60
[0.2809, -0.0752, 0.0914, 0.7257, -1.0555, 1.3172], 60
[0.2434, -0.0853, 0.0843, 0.7134, -1.0478, 1.3479], 60
[0.2044, -0.0954, 0.0776, 0.6935, -1.0401, 1.3684], 60
[0.1661, -0.105, 0.07, 0.6812, -1.034, 1.3939], 60
[0.1661, -0.1151, 0.0633, 0.6689, -1.0294, 1.4041], 60
[0.1271, -0.1151, 0.0633, 0.6536, -1.0217, 1.4144], 61
[0.0881, -0.1257, 0.0562, 0.6398, -1.0171, 1.4348], 60
[0.0491, -0.1358, 0.0485, 0.626, -1.011, 1.4604], 60
[0.0491, -0.1458, 0.0414, 0.6106, -1.0064, 1.4757], 60
[0.0108, -0.1458, 0.0414, 0.5999, -1.0002, 1.4911], 60
[-0.0274, -0.1555, 0.0342, 0.583, -0.9941, 1.5115], 60
[-0.065, -0.166, 0.0271, 0.5707, -0.991, 1.5269], 60
[-0.065, -0.1761, 0.0199, 0.56, -0.9849, 1.5422], 60
[-0.1033, -0.1761, 0.0199, 0.5431, -0.9772, 1.5729], 60
[-0.1416, -0.1867, 0.0128, 0.5309, -0.9711, 1.5882], 60
[-0.1806, -0.1972, 0.0056, 0.517, -0.9665, 1.5933], 60
[-0.1806, -0.2068, -0.0015, 0.5017, -0.9588, 1.6138], 60
[-0.2188, -0.2068, -0.0015, 0.4879, -0.9527, 1.6445], 60
[-0.2571, -0.2174, -0.0082, 0.4726, -0.9466, 1.6598], 60
[-0.2954, -0.2275, -0.0158, 0.4603, -0.942, 1.6803], 60
[-0.2954, -0.2376, -0.0225, 0.4465, -0.9358, 1.6956], 60
[-0.3337, -0.2376, -0.0225, 0.4373, -0.9297, 1.7161], 60
[-0.3719, -0.2472, -0.0296, 0.4173, -0.9235, 1.7314], 60
[-0.4109, -0.2573, -0.0368, 0.4035, -0.9189, 1.7518], 60
[-0.4109, -0.2678, -0.0439, 0.3913, -0.9143, 1.7672], 60
[-0.4492, -0.2678, -0.0439, 0.3759, -0.9067, 1.7825], 60
[-0.4882, -0.2775, -0.0511, 0.3682, -0.9036, 1.7876], 60
[-0.5272, -0.2876, -0.0577, 0.3529, -0.8959, 1.8183], 60
[-0.5272, -0.2972, -0.0644, 0.3345, -0.8913, 1.8388], 60
[-0.5648, -0.2972, -0.0644, 0.3238, -0.8852, 1.8541], 60
[-0.603, -0.3073, -0.0715, 0.3069, -0.8775, 1.8746], 60
[-0.642, -0.3178, -0.0787, 0.2962, -0.8714, 1.8899], 60
[-0.6796, -0.3275, -0.0858, 0.2747, -0.8637, 1.9155], 60
[-0.6796, -0.3375, -0.093, 0.2624, -0.8591, 1.9308], 60
[-0.7186, -0.3375, -0.093, 0.2455, -0.8515, 1.9513], 60
[-0.7561, -0.3481, -0.1001, 0.2333, -0.8469, 1.9615], 60
[-0.7951, -0.3582, -0.1068, 0.221, -0.8422, 1.9768], 60
[-0.7951, -0.3683, -0.1139, 0.2087, -0.8361, 2.0024], 60
[-0.8327, -0.3683, -0.1139, 0.1964, -0.833, 2.0177], 60
[-0.871, -0.3784, -0.1206, 0.1796, -0.8238, 2.0382], 61
[-0.9093, -0.3889, -0.1277, 0.1673, -0.8192, 2.0586], 60
[-0.9093, -0.399, -0.1349, 0.155, -0.8146, 2.0689], 60
[-0.9475, -0.399, -0.1349, 0.1366, -0.807, 2.0893], 60
[-0.9858, -0.4086, -0.142, 0.1259, -0.8008, 2.1098], 60
[-1.0248, -0.4192, -0.1492, 0.1136, -0.7962, 2.1302], 60
[-1.0248, -0.4293, -0.1563, 0.0952, -0.7886, 2.1456], 60
[-1.0631, -0.4293, -0.1563, 0.0814, -0.7824, 2.166], 60
[-1.1021, -0.4398, -0.163, 0.0707, -0.7778, 2.1865], 60
[-1.1404, -0.4499, -0.1696, 0.0538, -0.7717, 2.1967], 60
[-1.1404, -0.46, -0.1773, 0.0415, -0.7671, 2.2172], 60
[-1.1779, -0.46, -0.1773, 0.0292, -0.7609, 2.2325], 60
[-1.2169, -0.4696, -0.1844, 0.0139, -0.7548, 2.2478], 60
[-1.2501, -0.4788, -0.191, 0.0001, -0.7502, 2.2529], 60
[-1.2501, -0.4857, -0.1956, -0.0045, -0.7471, 2.2683], 60
[-1.2761, -0.4857, -0.1956, -0.0076, -0.7471, 2.2836], 60
[-1.2899, -0.4898, -0.1987, -0.0091, -0.7471, 2.2836], 60
[-1.2978, -0.4829, -0.2079, -0.0091, -0.7364, 2.2836], 361
[-1.2956, -0.4829, -0.2079, -0.0091, -0.7165, 2.2836], 60
[-1.292, -0.4728, -0.2197, -0.0091, -0.6873, 2.2836], 60
[-1.2862, -0.4586, -0.2396, -0.0091, -0.6413, 2.2836], 60
[-1.279, -0.4412, -0.2636, -0.0091, -0.5922, 2.2836], 60
[-1.279, -0.4233, -0.2896, -0.0091, -0.5554, 2.2836], 60
[-1.2711, -0.4233, -0.2896, -0.0091, -0.517, 2.2836], 61
[-1.2639, -0.4045, -0.3157, -0.0091, -0.491, 2.2836], 60
[-1.2559, -0.3857, -0.3433, -0.0091, -0.4526, 2.2734], 60
[-1.2559, -0.3669, -0.3698, -0.0091, -0.4005, 2.2836], 60
[-1.2472, -0.3669, -0.3698, -0.0091, -0.3698, 2.2734], 60
[-1.2393, -0.3481, -0.3974, -0.0091, -0.333, 2.2836], 60
[-1.2314, -0.3293, -0.4245, -0.0091, -0.3038, 2.2836], 60
[-1.2234, -0.3105, -0.4516, -0.0091, -0.2701, 2.2836], 61
[-1.2234, -0.3105, -0.4516, -0.0091, -0.2271, 2.2734], 60
[-1.2155, -0.2917, -0.4792, -0.0091, -0.1918, 2.2836], 61
[-1.2068, -0.2733, -0.5052, -0.0091, -0.155, 2.2734], 60
[-1.2068, -0.255, -0.5318, -0.0091, -0.1182, 2.2836], 60
[-1.1989, -0.255, -0.5318, -0.0091, -0.0875, 2.2836], 60
[-1.1909, -0.2362, -0.5594, -0.0106, -0.0507, 2.2836], 60
[-1.183, -0.2174, -0.5864, -0.0091, -0.017, 2.2734], 60
[-1.183, -0.1986, -0.614, -0.0091, 0.026, 2.2836], 60
[-1.175, -0.1986, -0.614, -0.0091, 0.0597, 2.2836], 60
[-1.175, -0.1798, -0.6416, -0.0091, 0.0919, 2.2836], 60
[-1.1591, -0.161, -0.6687, -0.0091, 0.1318, 2.2734], 60
[-1.1512, -0.1422, -0.6963, -0.0091, 0.1625, 2.2734], 60
[-1.1512, -0.1422, -0.6963, -0.0091, 0.2024, 2.2836], 60
[-1.1433, -0.1229, -0.7233, -0.0091, 0.23, 2.2836], 60
[-1.1346, -0.1046, -0.7509, -0.0091, 0.2638, 2.2836], 60
[-1.1274, -0.0858, -0.778, -0.0091, 0.3159, 2.2836], 60
[-1.1274, -0.067, -0.8061, -0.0076, 0.3543, 2.2836], 60
[-1.1187, -0.067, -0.8061, -0.0076, 0.388, 2.2836], 60
[-1.1108, -0.0486, -0.8332, -0.0076, 0.4202, 2.2836], 60
[-1.1028, -0.0294, -0.8602, -0.0076, 0.4601, 2.2734], 60
[-1.1028, -0.0105, -0.8873, -0.0076, 0.4923, 2.2836], 60
[-1.0949, -0.0105, -0.8873, -0.0076, 0.5245, 2.2836], 60
[-1.0869, 0.0092, -0.9139, -0.0076, 0.5629, 2.2734], 60
[-1.079, 0.0275, -0.9409, -0.0076, 0.5782, 2.2836], 60
[-1.079, 0.0468, -0.968, -0.0076, 0.6242, 2.2836], 60
[-1.0703, 0.0468, -0.968, -0.006, 0.6626, 2.2836], 60
[-1.0624, 0.0656, -0.9951, -0.006, 0.7193, 2.2734], 60
[-1.0544, 0.0844, -1.0227, -0.006, 0.7577, 2.2836], 60
[-1.0458, 0.1032, -1.0503, -0.0045, 0.7868, 2.2836], 60
[-1.0458, 0.1032, -1.0503, -0.0045, 0.8237, 2.2836], 60
[-1.0378, 0.1215, -1.0773, -0.0045, 0.8574, 2.2836], 60
[-1.0291, 0.1403, -1.1039, -0.003, 0.8973, 2.2836], 60
[-1.0219, 0.1601, -1.1315, -0.003, 0.928, 2.2836], 60
[-1.0219, 0.1601, -1.1315, 0.0001, 0.9632, 2.2836], 60
[-1.014, 0.1775, -1.157, 0.0001, 0.9832, 2.2836], 60
[-1.0089, 0.1903, -1.1775, 0.0001, 1.0123, 2.2836], 60
[-1.0089, 0.199, -1.1907, 0.0016, 1.0215, 2.2836], 60
[-1.0003, 0.1995, -1.1964, 0.0032, 1.0261, 2.2734], 361
[-0.9959, 0.199, -1.1861, 0.0093, 1.0246, 2.2836], 60
[-0.9894, 0.1995, -1.1693, 0.0246, 1.0185, 2.2734], 60
[-0.9894, 0.1995, -1.1693, 0.0415, 0.997, 2.2734], 60
[-0.9771, 0.1995, -1.1468, 0.0599, 0.9694, 2.2836], 60
[-0.9641, 0.1995, -1.1213, 0.0799, 0.9356, 2.2683], 60
[-0.9511, 0.199, -1.0947, 0.0998, 0.9096, 2.2376], 60
[-0.936, 0.199, -1.0681, 0.1182, 0.8835, 2.2274], 60
[-0.936, 0.199, -1.0681, 0.1335, 0.8605, 2.2018], 60
[-0.9208, 0.199, -1.0411, 0.1535, 0.8329, 2.1865], 60
[-0.9071, 0.199, -1.014, 0.1688, 0.8145, 2.166], 60
[-0.8919, 0.199, -0.9864, 0.1888, 0.7899, 2.1456], 60
[-0.8919, 0.199, -0.9864, 0.201, 0.77, 2.1251], 60
[-0.8775, 0.199, -0.9598, 0.221, 0.7439, 2.1047], 60
[-0.8623, 0.199, -0.9328, 0.2363, 0.7239, 2.0893], 60
[-0.8479, 0.199, -0.9057, 0.2471, 0.7071, 2.0689], 60
[-0.8479, 0.199, -0.9057, 0.267, 0.6841, 2.0484], 60
[-0.8327, 0.199, -0.8791, 0.2762, 0.6703, 2.028], 60
[-0.8183, 0.199, -0.8516, 0.3008, 0.6426, 2.0126], 60
[-0.8038, 0.199, -0.8245, 0.3146, 0.6242, 1.9922], 60
[-0.8038, 0.199, -0.8245, 0.333, 0.6012, 1.9666], 60
[-0.7886, 0.199, -0.7974, 0.3483, 0.5828, 1.9461], 60
[-0.7742, 0.199, -0.7698, 0.3606, 0.5659, 1.9308], 60
[-0.759, 0.199, -0.7427, 0.3805, 0.5353, 1.9052], 60
[-0.759, 0.199, -0.7427, 0.3943, 0.5184, 1.8848], 60
[-0.7446, 0.199, -0.7152, 0.4127, 0.4969, 1.8695], 60
[-0.7294, 0.199, -0.6881, 0.4327, 0.4754, 1.849], 60
[-0.7143, 0.199, -0.66, 0.4434, 0.4555, 1.8234], 60
[-0.7143, 0.199, -0.66, 0.4603, 0.434, 1.8132], 60
[-0.6998, 0.199, -0.6329, 0.4787, 0.4141, 1.7876], 60
[-0.6847, 0.199, -0.6058, 0.4894, 0.3987, 1.7723], 60
[-0.6702, 0.1995, -0.5783, 0.5094, 0.3727, 1.7518], 60
[-0.6702, 0.1995, -0.5783, 0.5247, 0.3527, 1.7365], 60
[-0.655, 0.1995, -0.5512, 0.5431, 0.3282, 1.7212], 60
[-0.6406, 0.1995, -0.5241, 0.5569, 0.3128, 1.6956], 60
[-0.6254, 0.1995, -0.497, 0.5707, 0.296, 1.6751], 60
[-0.6254, 0.1995, -0.497, 0.5861, 0.276, 1.6598], 60
[-0.611, 0.1995, -0.4705, 0.6106, 0.2438, 1.6291], 61
[-0.5958, 0.1995, -0.4434, 0.6275, 0.2223, 1.6087], 60
[-0.5814, 0.1995, -0.4158, 0.6413, 0.2055, 1.5882], 61
[-0.5669, 0.1995, -0.3887, 0.6597, 0.1809, 1.5627], 60
[-0.5669, 0.1995, -0.3887, 0.675, 0.1625, 1.5524], 60
[-0.5518, 0.1995, -0.3612, 0.6919, 0.1395, 1.532], 60
[-0.5373, 0.1995, -0.3341, 0.7103, 0.1134, 1.5115], 60
[-0.5214, 0.1995, -0.307, 0.7257, 0.0965, 1.4911], 60
[-0.5214, 0.1995, -0.307, 0.7395, 0.0812, 1.4655], 60
[-0.507, 0.1995, -0.2804, 0.7548, 0.0628, 1.445], 60
[-0.4918, 0.1995, -0.2529, 0.7732, 0.0383, 1.4348], 60
[-0.4774, 0.1995, -0.2258, 0.7916, 0.0229, 1.4093], 60
[-0.4774, 0.1995, -0.2258, 0.8085, -0.0108, 1.3786], 60
[-0.4622, 0.1995, -0.1982, 0.8223, -0.0354, 1.3735], 60
[-0.447, 0.1995, -0.1711, 0.833, -0.0522, 1.3632], 60
[-0.4326, 0.1995, -0.1441, 0.8515, -0.0707, 1.3326], 60
[-0.4326, 0.1995, -0.1441, 0.8683, -0.086, 1.3121], 60
[-0.4174, 0.1995, -0.117, 0.8898, -0.1151, 1.2865], 60
[-0.4023, 0.1995, -0.0899, 0.9021, -0.132, 1.2661], 60
[-0.4023, 0.1995, -0.0628, 0.9174, -0.1504, 1.2507], 60
[-0.3871, 0.1995, -0.0628, 0.9312, -0.1673, 1.2303], 60
[-0.3727, 0.1995, -0.0363, 0.9466, -0.1872, 1.215], 60
[-0.3575, 0.1995, -0.0092, 0.9665, -0.2102, 1.1894], 60
[-0.343, 0.1995, 0.0184, 0.9849, -0.2333, 1.1689], 60
[-0.343, 0.1995, 0.0184, 0.9972, -0.2501, 1.1434], 60
[-0.3279, 0.1995, 0.046, 1.0125, -0.2716, 1.1229], 60
[-0.3134, 0.1995, 0.0736, 1.034, -0.2962, 1.1025], 60
[-0.2983, 0.1995, 0.1011, 1.0524, -0.3207, 1.0769], 60
[-0.2831, 0.1995, 0.1282, 1.0677, -0.3452, 1.0564], 60
[-0.2831, 0.1995, 0.1282, 1.0831, -0.3652, 1.036], 60
[-0.2687, 0.1995, 0.1558, 1.1, -0.3836, 1.0104], 60
[-0.2535, 0.1995, 0.1829, 1.1184, -0.4035, 0.9951], 60
[-0.2535, 0.1995, 0.2105, 1.1368, -0.4265, 0.9797], 60
[-0.239, 0.1995, 0.2105, 1.1506, -0.448, 0.9593], 60
[-0.2239, 0.1995, 0.2375, 1.1629, -0.4664, 0.9337], 60
[-0.2094, 0.1995, 0.2651, 1.1797, -0.4833, 0.9184], 60
[-0.2094, 0.1995, 0.2917, 1.2027, -0.5094, 0.8979], 60
[-0.1943, 0.1995, 0.2917, 1.2165, -0.5293, 0.8826], 60
[-0.1798, 0.1995, 0.3188, 1.2257, -0.5416, 0.857], 60
[-0.1647, 0.1995, 0.3458, 1.2442, -0.5677, 0.8315], 60
[-0.1502, 0.1995, 0.3724, 1.2595, -0.5861, 0.8161], 60
[-0.1502, 0.1995, 0.3724, 1.2825, -0.6122, 0.7906], 60
[-0.1351, 0.1995, 0.3995, 1.2994, -0.6336, 0.7701], 60
[-0.1206, 0.1995, 0.4271, 1.3116, -0.6566, 0.7548], 60
[-0.1054, 0.1995, 0.4541, 1.3255, -0.6735, 0.7241], 60
[-0.1054, 0.1995, 0.4541, 1.3423, -0.6919, 0.7139], 60
[-0.0903, 0.1995, 0.4817, 1.3653, -0.7165, 0.6934], 60
[-0.0758, 0.1995, 0.5093, 1.3791, -0.7333, 0.6678], 60
[-0.0607, 0.1995, 0.5364, 1.396, -0.7594, 0.6474], 60
[-0.0607, 0.1995, 0.5364, 1.4083, -0.7778, 0.632], 60
[-0.0455, 0.1995, 0.5634, 1.4313, -0.8008, 0.6065], 60
[-0.0311, 0.1995, 0.5905, 1.4466, -0.8162, 0.5911], 60
[-0.0166, 0.1995, 0.6176, 1.462, -0.8392, 0.5707], 60
[-0.0166, 0.1995, 0.6176, 1.4758, -0.8637, 0.5451], 60
[-0.0022, 0.1995, 0.6452, 1.4881, -0.8821, 0.5298], 60
[0.0137, 0.1995, 0.6722, 1.5111, -0.9051, 0.5144], 60
[0.0274, 0.2004, 0.6993, 1.5325, -0.9282, 0.4838], 61
[0.0426, 0.2004, 0.7264, 1.5463, -0.9481, 0.4633], 60
[0.0426, 0.2004, 0.7264, 1.5571, -0.968, 0.4428], 60
[0.0571, 0.2004, 0.7535, 1.574, -0.9864, 0.4275], 60
[0.0722, 0.2004, 0.7805, 1.5985, -1.011, 0.4071], 60
[0.0874, 0.2004, 0.8076, 1.6154, -1.0309, 0.3866], 60
[0.0874, 0.2004, 0.8076, 1.6322, -1.0555, 0.361], 60
[0.1018, 0.2004, 0.8352, 1.6445, -1.0739, 0.3355], 60
[0.1177, 0.2004, 0.8628, 1.6599, -1.0954, 0.3252], 60
[0.1177, 0.2004, 0.8904, 1.6767, -1.1138, 0.3048], 60
[0.1322, 0.2004, 0.8904, 1.6951, -1.1322, 0.2792], 60
[0.1473, 0.2004, 0.9174, 1.7105, -1.1536, 0.2537], 60
[0.1618, 0.2004, 0.945, 1.7228, -1.1767, 0.2383], 60
[0.1777, 0.2004, 0.9721, 1.7412, -1.1997, 0.223], 60
[0.1777, 0.2004, 0.9721, 1.758, -1.2165, 0.1974], 60
[0.1921, 0.2004, 0.9997, 1.7795, -1.2411, 0.177], 60
[0.2073, 0.2004, 1.0268, 1.7933, -1.261, 0.1616], 60
[0.2224, 0.2004, 1.0543, 1.8056, -1.281, 0.1463], 61
[0.2224, 0.2004, 1.0543, 1.824, -1.3024, 0.1207], 60
[0.2369, 0.2004, 1.0819, 1.8393, -1.3209, 0.1003], 60
[0.252, 0.2004, 1.1085, 1.8562, -1.3423, 0.0849], 60
[0.2665, 0.2004, 1.1361, 1.8715, -1.3592, 0.0645], 60
[0.2665, 0.2004, 1.1361, 1.8884, -1.3837, 0.0389], 60
[0.2795, 0.2004, 1.1601, 1.8992, -1.4006, 0.0389], 60
[0.2889, 0.2004, 1.179, 1.9099, -1.4129, 0.0338], 60
[0.2932, 0.2004, 1.1897, 1.9099, -1.4129, 0.0338], 60
[0.3048, 0.1949, 1.1913, 1.9114, -1.4129, 0.0338], 422
[0.3178, 0.1903, 1.1856, 1.8915, -1.4129, 0.0287], 60
[0.3178, 0.1903, 1.1785, 1.8547, -1.4129, 0.0338], 60
[0.3365, 0.1876, 1.1785, 1.7841, -1.4144, 0.044], 60
[0.3575, 0.1867, 1.1693, 1.7396, -1.4129, 0.0542], 60
[0.3799, 0.1807, 1.1606, 1.7028, -1.4144, 0.0594], 60
[0.3799, 0.1807, 1.1509, 1.6507, -1.4129, 0.0645], 60
[0.403, 0.1752, 1.1509, 1.6062, -1.4129, 0.0747], 60
[0.4254, 0.1683, 1.1422, 1.5724, -1.4129, 0.09], 60
[0.4492, 0.1619, 1.1325, 1.5356, -1.4129, 0.1003], 60
[0.4492, 0.1619, 1.1228, 1.4927, -1.4129, 0.1105], 60
[0.4723, 0.155, 1.1228, 1.4635, -1.4114, 0.1207], 60
[0.4954, 0.1481, 1.1141, 1.4144, -1.4083, 0.1207], 61
[0.5193, 0.1408, 1.1039, 1.3791, -1.4037, 0.1258], 60
[0.5193, 0.1408, 1.0947, 1.3393, -1.3991, 0.1514], 60
[0.5417, 0.1339, 1.0947, 1.3055, -1.3975, 0.1616], 60
[0.5655, 0.127, 1.0855, 1.2503, -1.396, 0.1667], 61
[0.5886, 0.1202, 1.0758, 1.2181, -1.396, 0.177], 60
[0.6124, 0.1133, 1.0661, 1.1813, -1.396, 0.1872], 60
[0.6124, 0.1133, 1.0569, 1.1306, -1.3914, 0.2076], 60
[0.6355, 0.1064, 1.0569, 1.0969, -1.3883, 0.2076], 60
[0.6587, 0.0995, 1.0472, 1.0555, -1.3853, 0.2179], 60
[0.6825, 0.0926, 1.0375, 1.0187, -1.3837, 0.2332], 60
[0.6825, 0.0926, 1.0278, 0.9849, -1.3837, 0.2383], 60
[0.7063, 0.0858, 1.0278, 0.9389, -1.3837, 0.2434], 60
[0.7294, 0.0789, 1.0181, 0.9051, -1.3822, 0.2639], 60
[0.7533, 0.0725, 1.0089, 0.8729, -1.3791, 0.269], 60
[0.7533, 0.0725, 0.9992, 0.8315, -1.3761, 0.2843], 60
[0.7764, 0.0656, 0.9992, 0.7947, -1.3761, 0.2895], 60
[0.8002, 0.0587, 0.9895, 0.7502, -1.3761, 0.2895], 60
[0.8233, 0.0518, 0.9798, 0.7195, -1.3761, 0.2946], 60
[0.8233, 0.0518, 0.9706, 0.6735, -1.3761, 0.315], 60
[0.8464, 0.0449, 0.9706, 0.6444, -1.3745, 0.3304], 60
[0.8695, 0.0381, 0.9604, 0.6014, -1.3715, 0.3406], 60
[0.8934, 0.0312, 0.9512, 0.5692, -1.3699, 0.3457], 60
[0.8934, 0.0312, 0.9415, 0.5416, -1.3684, 0.3457], 60
[0.9165, 0.0248, 0.9415, 0.4925, -1.3669, 0.361], 60
[0.9403, 0.0174, 0.9318, 0.4557, -1.3669, 0.3713], 60
[0.9634, 0.0105, 0.922, 0.4219, -1.3669, 0.3866], 60
[0.9634, 0.0105, 0.9128, 0.3759, -1.3653, 0.3917], 60
[0.9865, 0.0032, 0.9128, 0.3468, -1.3638, 0.4019], 60
[1.0104, -0.0032, 0.9031, 0.3069, -1.3638, 0.4173], 60
[1.0335, -0.0105, 0.8934, 0.2747, -1.3638, 0.4275], 60
[1.0335, -0.0105, 0.8842, 0.2302, -1.3623, 0.4428], 60
[1.0566, -0.0174, 0.8842, 0.1964, -1.3592, 0.4531], 60
[1.0804, -0.0243, 0.874, 0.1397, -1.3561, 0.4582], 61
[1.1035, -0.0312, 0.8648, 0.1075, -1.3546, 0.4633], 60
[1.1274, -0.0385, 0.8551, 0.0707, -1.3531, 0.4735], 60
[1.1274, -0.0385, 0.8449, 0.0338, -1.3515, 0.4889], 60
[1.1505, -0.0454, 0.8449, 0.0016, -1.3515, 0.5042], 60
[1.1736, -0.0523, 0.8357, -0.0459, -1.3515, 0.5144], 60
[1.1967, -0.0587, 0.826, -0.0797, -1.3515, 0.5298], 60
[1.1967, -0.0587, 0.8163, -0.115, -1.3515, 0.5349], 60
[1.2198, -0.066, 0.8163, -0.1579, -1.3515, 0.54], 60
[1.2429, -0.0729, 0.8071, -0.1932, -1.3469, 0.5605], 60
[1.2675, -0.0793, 0.7974, -0.2285, -1.3454, 0.5656], 60
[1.2675, -0.0793, 0.7872, -0.2653, -1.3439, 0.5809], 60
[1.2906, -0.0862, 0.7872, -0.3052, -1.3423, 0.5911], 60
[1.3144, -0.0931, 0.778, -0.3435, -1.3423, 0.5911], 60
[1.3382, -0.1, 0.7688, -0.3757, -1.3423, 0.586], 60
[1.3382, -0.1, 0.7591, -0.4218, -1.3408, 0.6218], 60
[1.3614, -0.1069, 0.7591, -0.4555, -1.3408, 0.632], 60
[1.3852, -0.1137, 0.7494, -0.4954, -1.3393, 0.6423], 60
[1.4083, -0.1202, 0.7402, -0.5368, -1.3393, 0.6423], 60
[1.4083, -0.1202, 0.7305, -0.5659, -1.3362, 0.6576], 60
[1.4314, -0.127, 0.7305, -0.6028, -1.3331, 0.6678], 60
[1.4545, -0.1344, 0.7213, -0.6457, -1.3301, 0.6832], 60
[1.4776, -0.1408, 0.7121, -0.681, -1.3285, 0.6934], 60
[1.4776, -0.1408, 0.7024, -0.7178, -1.3285, 0.7036], 60
[1.5007, -0.1477, 0.7024, -0.7577, -1.327, 0.719], 60
[1.5239, -0.1546, 0.6927, -0.7899, -1.327, 0.719], 60
[1.547, -0.1614, 0.6835, -0.8283, -1.327, 0.7292], 60
[1.547, -0.1614, 0.6738, -0.8651, -1.327, 0.7496], 60
[1.5701, -0.1683, 0.6738, -0.908, -1.327, 0.7548], 60
[1.5939, -0.1752, 0.6651, -0.9586, -1.3224, 0.765], 60
[1.617, -0.1821, 0.6549, -0.9939, -1.3224, 0.7752], 60
[1.6409, -0.1894, 0.6452, -1.0292, -1.3193, 0.7701], 60
[1.6409, -0.1894, 0.636, -1.0783, -1.3193, 0.7854], 60
[1.664, -0.1963, 0.636, -1.112, -1.3178, 0.811], 60
[1.6871, -0.2032, 0.6263, -1.1427, -1.3178, 0.8212], 60
[1.7102, -0.2101, 0.6166, -1.1826, -1.3162, 0.8315], 60
[1.7102, -0.2101, 0.6074, -1.2302, -1.3147, 0.8366], 60
[1.7333, -0.2169, 0.6074, -1.2639, -1.3132, 0.8468], 60
[1.7564, -0.2234, 0.5972, -1.2992, -1.3132, 0.857], 60
[1.7802, -0.2302, 0.588, -1.336, -1.3116, 0.8672], 60
[1.7802, -0.2302, 0.5788, -1.3652, -1.3101, 0.8724], 60
[1.8041, -0.2371, 0.5788, -1.4035, -1.3086, 0.8877], 60
[1.8272, -0.244, 0.5686, -1.4511, -1.307, 0.903], 60
[1.851, -0.2509, 0.5588, -1.4863, -1.3055, 0.9082], 60
[1.851, -0.2509, 0.5502, -1.5216, -1.3024, 0.9184], 60
[1.8741, -0.2577, 0.5502, -1.5661, -1.3009, 0.9337], 60
[1.898, -0.2642, 0.5405, -1.5983, -1.3009, 0.9439], 60
[1.9218, -0.271, 0.5308, -1.6305, -1.3009, 0.9491], 60
[1.9218, -0.271, 0.521, -1.6643, -1.3009, 0.9593], 60
[1.9449, -0.2779, 0.521, -1.7195, -1.2994, 0.9542], 60
[1.9651, -0.2839, 0.5129, -1.7456, -1.2994, 0.9695], 60
[1.981, -0.2889, 0.5057, -1.7655, -1.2963, 0.9797], 60
[1.9926, -0.2921, 0.5006, -1.7732, -1.2917, 0.9849], 181
[1.9774, -0.2889, 0.4965, -1.7778, -1.2779, 0.9849], 301
[1.9774, -0.2889, 0.4914, -1.7778, -1.2672, 0.99], 60
[1.9565, -0.2848, 0.4914, -1.7686, -1.2518, 0.9849], 60
[1.924, -0.2788, 0.4843, -1.7272, -1.2257, 0.9849], 61
[1.8893, -0.2733, 0.4761, -1.6888, -1.2058, 0.9797], 60
[1.8517, -0.2683, 0.4664, -1.6581, -1.1874, 0.9797], 60
[1.8517, -0.2683, 0.4572, -1.6152, -1.1629, 0.9337], 60
[1.8142, -0.2623, 0.4572, -1.5891, -1.1475, 0.9286], 60
[1.7759, -0.2568, 0.4475, -1.5554, -1.126, 0.9082], 60
[1.7369, -0.2513, 0.4373, -1.5293, -1.1046, 0.8979], 60
[1.7369, -0.2513, 0.4276, -1.4971, -1.0815, 0.8877], 60
[1.6986, -0.2463, 0.4276, -1.4725, -1.0662, 0.8724], 60
[1.6611, -0.2412, 0.4189, -1.4618, -1.0601, 0.8724], 60
[1.6228, -0.2344, 0.4087, -1.4311, -1.0386, 0.8366], 60
[1.6228, -0.2344, 0.3995, -1.402, -1.0156, 0.8212], 60
[1.5838, -0.2293, 0.3995, -1.3621, -0.9895, 0.8059], 60
[1.5462, -0.2234, 0.3893, -1.3391, -0.9726, 0.7854], 60
[1.5072, -0.2178, 0.3795, -1.3115, -0.9527, 0.7701], 60
[1.5072, -0.2178, 0.3698, -1.2946, -0.9389, 0.7599], 60
[1.4697, -0.2119, 0.3698, -1.2608, -0.9143, 0.7496], 60
[1.4314, -0.2064, 0.3601, -1.2348, -0.8959, 0.7241], 60
[1.3931, -0.2009, 0.3504, -1.2102, -0.8791, 0.7139], 60
[1.3931, -0.2009, 0.3412, -1.1872, -0.8622, 0.7036], 60
[1.3549, -0.1954, 0.3412, -1.1565, -0.8407, 0.6832], 60
[1.3166, -0.1894, 0.332, -1.1351, -0.8254, 0.6678], 60
[1.2776, -0.1839, 0.3223, -1.1136, -0.81, 0.6525], 60
[1.2776, -0.1839, 0.3126, -1.0875, -0.7886, 0.6372], 60
[1.2386, -0.1784, 0.3126, -1.0522, -0.764, 0.6269], 60
[1.2003, -0.1724, 0.3034, -1.0277, -0.7441, 0.6116], 60
[1.1613, -0.1669, 0.2937, -1.0062, -0.7318, 0.5911], 60
[1.1613, -0.1669, 0.284, -0.9817, -0.7149, 0.586], 60
[1.1238, -0.1605, 0.284, -0.951, -0.6904, 0.5707], 60
[1.0855, -0.155, 0.2743, -0.9157, -0.6643, 0.5451], 60
[1.0472, -0.15, 0.2646, -0.8958, -0.649, 0.5298], 60
[1.0082, -0.144, 0.2554, -0.8697, -0.6321, 0.5195], 60
[1.0082, -0.144, 0.2452, -0.8436, -0.6106, 0.5042], 60
[0.9699, -0.138, 0.2452, -0.8191, -0.5937, 0.4838], 60
[0.9309, -0.133, 0.236, -0.7884, -0.5738, 0.4684], 60
[0.8934, -0.127, 0.2263, -0.7623, -0.5539, 0.4582], 60
[0.8934, -0.127, 0.2166, -0.7393, -0.5355, 0.4428], 60
[0.8551, -0.122, 0.2166, -0.7132, -0.5186, 0.4275], 60
[0.8168, -0.116, 0.2069, -0.6856, -0.4971, 0.4122], 60
[0.7778, -0.1105, 0.1972, -0.6626, -0.4802, 0.4019], 60
[0.7778, -0.1105, 0.187, -0.6365, -0.4618, 0.3866], 60
[0.7395, -0.105, 0.187, -0.6135, -0.4434, 0.3661], 60
[0.7005, -0.0991, 0.1778, -0.5874, -0.4235, 0.3457], 60
[0.6623, -0.094, 0.1681, -0.5613, -0.4081, 0.3355], 60
[0.6623, -0.094, 0.1584, -0.5383, -0.3913, 0.3252], 60
[0.6233, -0.0885, 0.1584, -0.5077, -0.3682, 0.2997], 60
[0.585, -0.0826, 0.1492, -0.4846, -0.3483, 0.2895], 60
[0.5467, -0.077, 0.1395, -0.457, -0.3299, 0.2741], 60
[0.5467, -0.077, 0.1292, -0.4356, -0.3146, 0.2639], 60
[0.5084, -0.0715, 0.1292, -0.4125, -0.2977, 0.2485], 60
[0.4702, -0.0656, 0.1195, -0.3803, -0.2747, 0.2332], 60
[0.4319, -0.0601, 0.1093, -0.3589, -0.2563, 0.2179], 60
[0.4319, -0.0601, 0.1001, -0.3312, -0.2379, 0.2076], 60
[0.3936, -0.0546, 0.1001, -0.3036, -0.2164, 0.1923], 60
[0.3553, -0.0491, 0.0904, -0.2776, -0.1964, 0.1718], 60
[0.3178, -0.0431, 0.0807, -0.2484, -0.178, 0.1616], 60
[0.3178, -0.0431, 0.071, -0.2239, -0.1627, 0.1514], 60
[0.2795, -0.0381, 0.071, -0.2039, -0.1458, 0.1361], 60
[0.2419, -0.0316, 0.0613, -0.1717, -0.1213, 0.1258], 60
[0.2037, -0.0266, 0.0516, -0.1441, -0.0998, 0.1003], 60
[0.1654, -0.0211, 0.0419, -0.1165, -0.0814, 0.09], 60
[0.1654, -0.0211, 0.0317, -0.0919, -0.063, 0.0747], 60
[0.1257, -0.0147, 0.0317, -0.0751, -0.0507, 0.0594], 60
[0.0867, -0.0087, 0.022, -0.0444, -0.0277, 0.044], 60
[0.0513, -0.005, 0.0128, -0.0198, -0.0093, 0.0389], 60
[0.0513, -0.005, 0.0061, 0.0016, 0.003, 0.0338], 60
[0.0253, -0.0023, 0.0061, 0.0093, 0.0106, 0.0338], 60
[0.0094, -0.0018, 0.0015, 0.0124, 0.0122, 0.0389], 60
[-0.0007, 0.0, 0.0, 0.0124, 0.0137, 0.0389], 241
[-0.0007, 0.0, 0.0, 0.0078, 0.003, 0.0338], 843
[-0.0007, 0.0, -0.0005, 0.0001, -0.0001, 0.0031], 266
