[0.0101, 0.006, 0.002, 0.0016, -0.0124, -0.002], 375
[0.0282, 0.006, 0.0036, 0.0124, -0.0277, -0.0071], 60
[0.0282, 0.0105, 0.0082, 0.0354, -0.043, -0.002], 60
[0.0571, 0.0174, 0.0082, 0.063, -0.0599, -0.002], 60
[0.091, 0.0248, 0.0143, 0.086, -0.0753, -0.0071], 60
[0.1278, 0.0248, 0.0209, 0.109, -0.0906, -0.0071], 60
[0.1278, 0.0321, 0.0286, 0.1335, -0.1136, -0.002], 60
[0.1661, 0.0399, 0.0286, 0.155, -0.132, -0.0071], 60
[0.2051, 0.0482, 0.0363, 0.1765, -0.1489, -0.0071], 60
[0.2427, 0.0482, 0.0439, 0.1995, -0.1704, -0.0071], 60
[0.2427, 0.0555, 0.0516, 0.2195, -0.1857, -0.0071], 60
[0.2809, 0.0633, 0.0516, 0.2409, -0.201, -0.0071], 60
[0.3192, 0.0711, 0.0598, 0.2639, -0.2241, -0.0071], 60
[0.3568, 0.0711, 0.0674, 0.2808, -0.2379, -0.002], 60
[0.3568, 0.0784, 0.0751, 0.3054, -0.2547, -0.002], 60
[0.3958, 0.0858, 0.0751, 0.3268, -0.2716, -0.002], 60
[0.4326, 0.0936, 0.0828, 0.356, -0.2962, -0.002], 61
[0.4716, 0.1014, 0.0909, 0.3713, -0.31, -0.002], 60
[0.5099, 0.1014, 0.0986, 0.3928, -0.3284, -0.002], 60
[0.5099, 0.1087, 0.1068, 0.4127, -0.3437, -0.002], 60
[0.5482, 0.1165, 0.1068, 0.4373, -0.3636, -0.002], 60
[0.5864, 0.1243, 0.1139, 0.4542, -0.379, -0.0071], 61
[0.6247, 0.1243, 0.1216, 0.4787, -0.3974, -0.0071], 60
[0.6247, 0.1325, 0.1292, 0.4971, -0.4112, -0.0071], 60
[0.663, 0.1399, 0.1292, 0.5201, -0.4311, -0.002], 60
[0.7013, 0.1472, 0.1369, 0.5385, -0.448, -0.002], 60
[0.7403, 0.1472, 0.1451, 0.5615, -0.468, -0.002], 60
[0.7403, 0.1555, 0.1522, 0.5815, -0.4848, -0.002], 60
[0.7785, 0.1633, 0.1522, 0.5983, -0.4971, -0.0071], 60
[0.8168, 0.1706, 0.1599, 0.6244, -0.5201, -0.002], 60
[0.8558, 0.1706, 0.1676, 0.6428, -0.5355, -0.002], 60
[0.8558, 0.1784, 0.1757, 0.6612, -0.5523, -0.0071], 60
[0.8934, 0.1862, 0.1757, 0.6812, -0.5707, -0.002], 60
[0.9316, 0.1935, 0.1834, 0.7011, -0.5861, -0.0071], 60
[0.9706, 0.1935, 0.191, 0.7272, -0.606, -0.0071], 60
[0.9706, 0.2013, 0.191, 0.7395, -0.6168, -0.002], 60
[1.0089, 0.2091, 0.1987, 0.7702, -0.6428, -0.002], 60
[1.0472, 0.2169, 0.2069, 0.787, -0.6566, -0.0071], 60
[1.0855, 0.2252, 0.214, 0.8085, -0.675, -0.0071], 61
[1.0855, 0.2252, 0.2217, 0.8269, -0.6904, -0.0071], 60
[1.1238, 0.2321, 0.2217, 0.8469, -0.7103, -0.002], 60
[1.162, 0.2403, 0.2299, 0.8668, -0.7226, -0.0071], 60
[1.2003, 0.2403, 0.2375, 0.8913, -0.741, -0.0071], 60
[1.2386, 0.2481, 0.2452, 0.9205, -0.7686, -0.002], 61
[1.2386, 0.2559, 0.2523, 0.9389, -0.787, -0.0071], 60
[1.2776, 0.2633, 0.2523, 0.9604, -0.8024, -0.0071], 60
[1.3166, 0.271, 0.2605, 0.9864, -0.8208, -0.002], 60
[1.3556, 0.271, 0.2682, 1.0018, -0.8376, -0.002], 60
[1.3556, 0.2784, 0.2758, 1.0248, -0.8561, -0.002], 60
[1.3931, 0.2857, 0.2758, 1.0463, -0.8714, -0.0071], 60
[1.4314, 0.2935, 0.283, 1.0647, -0.8867, -0.002], 60
[1.4697, 0.2935, 0.2907, 1.0815, -0.9036, -0.0071], 60
[1.4697, 0.3013, 0.2988, 1.1015, -0.9205, -0.0071], 60
[1.508, 0.3096, 0.2988, 1.126, -0.9389, -0.0071], 60
[1.5462, 0.3169, 0.306, 1.1475, -0.9558, -0.0071], 60
[1.5845, 0.3169, 0.3136, 1.1705, -0.9788, -0.002], 60
[1.5845, 0.3242, 0.3213, 1.1889, -0.991, -0.0071], 60
[1.6228, 0.332, 0.3213, 1.2119, -1.0079, -0.002], 60
[1.6611, 0.3403, 0.329, 1.2288, -1.0248, -0.0071], 60
[1.6993, 0.3403, 0.3366, 1.2503, -1.0432, -0.0071], 60
[1.6993, 0.3476, 0.3438, 1.2687, -1.0555, -0.0071], 60
[1.7369, 0.3554, 0.3438, 1.2917, -1.0754, -0.0071], 60
[1.7752, 0.3632, 0.352, 1.3132, -1.0984, -0.0071], 60
[1.8142, 0.3632, 0.3596, 1.3301, -1.1122, -0.0071], 60
[1.8142, 0.371, 0.3673, 1.3577, -1.1306, -0.0071], 60
[1.8525, 0.3788, 0.3673, 1.3807, -1.1475, -0.0071], 60
[1.8915, 0.3862, 0.3749, 1.3975, -1.1644, -0.0071], 60
[1.9297, 0.3862, 0.3826, 1.419, -1.1843, -0.002], 60
[1.9297, 0.3944, 0.3903, 1.4374, -1.1981, -0.002], 60
[1.968, 0.4022, 0.3903, 1.465, -1.2181, -0.0071], 60
[2.007, 0.4096, 0.3979, 1.4804, -1.2334, -0.002], 60
[2.0453, 0.4174, 0.4056, 1.5049, -1.2549, -0.0071], 60
[2.0836, 0.4174, 0.4133, 1.5356, -1.2779, -0.0071], 60
[2.0836, 0.4251, 0.4214, 1.5509, -1.2917, -0.002], 60
[2.1218, 0.4325, 0.4214, 1.5663, -1.304, -0.0071], 60
[2.1601, 0.4398, 0.4291, 1.5878, -1.3239, -0.0071], 60
[2.1984, 0.4476, 0.4368, 1.6138, -1.3439, -0.0071], 60
[2.1984, 0.4476, 0.4444, 1.6353, -1.3607, -0.0071], 60
[2.2374, 0.4554, 0.4444, 1.6537, -1.3776, -0.0071], 60
[2.2757, 0.4628, 0.4521, 1.6752, -1.396, -0.0071], 60
[2.3139, 0.4628, 0.4597, 1.6936, -1.4098, -0.0071], 60
[2.3139, 0.4706, 0.4674, 1.7182, -1.4313, -0.0071], 60
[2.3522, 0.4779, 0.4674, 1.7366, -1.4482, -0.0071], 60
[2.3912, 0.4857, 0.4756, 1.7565, -1.4635, -0.0071], 60
[2.4288, 0.493, 0.4832, 1.7841, -1.4835, -0.0071], 60
[2.4288, 0.493, 0.4899, 1.7979, -1.4973, -0.0071], 60
[2.4584, 0.4985, 0.4899, 1.8071, -1.5065, -0.0071], 60
[2.4793, 0.5004, 0.4945, 1.8117, -1.5111, -0.0071], 60
[2.4894, 0.5004, 0.497, 1.8117, -1.5111, -0.0071], 60
[2.475, 0.4958, 0.4945, 1.8117, -1.5111, -0.0071], 421
[2.4504, 0.4926, 0.4909, 1.8102, -1.5111, -0.002], 60
[2.4172, 0.4926, 0.4853, 1.8041, -1.508, -0.0071], 60
[2.4172, 0.4848, 0.4781, 1.7902, -1.5003, 0.0133], 60
[2.3811, 0.4756, 0.4781, 1.7565, -1.4881, 0.044], 60
[2.3436, 0.4664, 0.4715, 1.7427, -1.4819, 0.0542], 60
[2.306, 0.4664, 0.4643, 1.7243, -1.4742, 0.0747], 60
[2.306, 0.4568, 0.4577, 1.7028, -1.465, 0.0849], 60
[2.2677, 0.4472, 0.4577, 1.689, -1.4589, 0.1003], 60
[2.2302, 0.4371, 0.4506, 1.6737, -1.4543, 0.1207], 60
[2.1912, 0.4371, 0.4434, 1.6583, -1.4451, 0.1361], 60
[2.1912, 0.427, 0.4362, 1.6461, -1.439, 0.1565], 60
[2.1529, 0.4169, 0.4362, 1.6292, -1.4344, 0.1667], 60
[2.1146, 0.4068, 0.4291, 1.6138, -1.4298, 0.1872], 60
[2.0763, 0.4068, 0.4225, 1.5985, -1.4221, 0.2076], 60
[2.0763, 0.3972, 0.4153, 1.5862, -1.416, 0.223], 60
[2.0381, 0.3866, 0.4153, 1.5755, -1.4098, 0.2383], 60
[1.9998, 0.3761, 0.4076, 1.5555, -1.4052, 0.2639], 60
[1.9615, 0.3761, 0.4005, 1.5402, -1.3975, 0.2792], 60
[1.9615, 0.366, 0.3933, 1.5249, -1.3914, 0.2895], 60
[1.9225, 0.3559, 0.3933, 1.5126, -1.3853, 0.3099], 60
[1.8842, 0.3458, 0.3867, 1.5019, -1.3791, 0.3304], 60
[1.8452, 0.3458, 0.3795, 1.4911, -1.373, 0.3406], 60
[1.8452, 0.3353, 0.3724, 1.4758, -1.3669, 0.3559], 60
[1.8062, 0.3252, 0.3724, 1.4589, -1.3607, 0.3866], 60
[1.7687, 0.3151, 0.3652, 1.442, -1.3546, 0.3968], 60
[1.7297, 0.305, 0.3581, 1.4267, -1.3485, 0.4224], 60
[1.6914, 0.305, 0.3514, 1.4129, -1.3423, 0.4428], 60
[1.6914, 0.2944, 0.3448, 1.3991, -1.3362, 0.4531], 60
[1.6531, 0.2843, 0.3448, 1.3853, -1.3316, 0.4684], 60
[1.6149, 0.2743, 0.3377, 1.3715, -1.3239, 0.4838], 60
[1.5759, 0.2743, 0.33, 1.3577, -1.3178, 0.5093], 60
[1.5759, 0.2646, 0.3228, 1.3439, -1.3147, 0.5247], 60
[1.5383, 0.2545, 0.3228, 1.3301, -1.307, 0.54], 60
[1.5, 0.2444, 0.3162, 1.3162, -1.3024, 0.5656], 60
[1.4617, 0.2444, 0.3096, 1.3024, -1.2978, 0.5758], 60
[1.4617, 0.2344, 0.3024, 1.2871, -1.2902, 0.5911], 60
[1.4242, 0.2238, 0.3024, 1.2748, -1.284, 0.6116], 60
[1.3859, 0.2137, 0.2958, 1.261, -1.2779, 0.6372], 60
[1.3476, 0.2137, 0.2881, 1.2472, -1.2718, 0.6474], 60
[1.3476, 0.2036, 0.2815, 1.2334, -1.2672, 0.6678], 60
[1.3086, 0.1935, 0.2815, 1.2181, -1.2626, 0.6883], 60
[1.2696, 0.1835, 0.2743, 1.2089, -1.258, 0.7036], 60
[1.2306, 0.1835, 0.2672, 1.1935, -1.2503, 0.7241], 60
[1.2306, 0.1729, 0.2605, 1.1782, -1.2442, 0.7445], 60
[1.1924, 0.1628, 0.2605, 1.1659, -1.238, 0.7599], 60
[1.1548, 0.1523, 0.2534, 1.1521, -1.2349, 0.7701], 60
[1.1158, 0.1523, 0.2462, 1.1352, -1.2273, 0.7854], 60
[1.1158, 0.1422, 0.2391, 1.1214, -1.2227, 0.811], 60
[1.0783, 0.1321, 0.2391, 1.1076, -1.215, 0.8263], 60
[1.04, 0.122, 0.2319, 1.0954, -1.2089, 0.8417], 60
[1.001, 0.122, 0.2248, 1.0862, -1.2043, 0.857], 60
[1.001, 0.1119, 0.2181, 1.0677, -1.1966, 0.8826], 60
[0.9627, 0.1014, 0.2181, 1.0539, -1.192, 0.903], 60
[0.9237, 0.0913, 0.2105, 1.0401, -1.1874, 0.9235], 60
[0.8854, 0.0812, 0.2033, 1.0217, -1.1782, 0.9388], 60
[0.8479, 0.0812, 0.1962, 1.0064, -1.1721, 0.9593], 60
[0.8479, 0.0711, 0.1895, 0.9941, -1.1675, 0.9797], 60
[0.8089, 0.061, 0.1895, 0.9788, -1.1613, 0.9951], 60
[0.7706, 0.0514, 0.1824, 0.9665, -1.1567, 1.0104], 60
[0.7316, 0.0514, 0.1752, 0.9512, -1.1506, 1.036], 60
[0.7316, 0.0413, 0.1676, 0.9404, -1.1444, 1.0462], 60
[0.6933, 0.0307, 0.1676, 0.9282, -1.1398, 1.0616], 60
[0.6543, 0.0206, 0.1604, 0.9113, -1.1337, 1.0769], 60
[0.616, 0.0206, 0.1538, 0.899, -1.1291, 1.1025], 60
[0.616, 0.0105, 0.1466, 0.8837, -1.1184, 1.1178], 60
[0.5778, 0.0005, 0.1466, 0.8714, -1.1153, 1.128], 60
[0.5395, -0.0101, 0.1395, 0.8561, -1.1092, 1.1434], 60
[0.5012, -0.0101, 0.1328, 0.8469, -1.103, 1.1689], 60
[0.5012, -0.0206, 0.1252, 0.83, -1.0969, 1.1792], 60
[0.4629, -0.0307, 0.1252, 0.8162, -1.0923, 1.1945], 60
[0.4247, -0.0413, 0.118, 0.8008, -1.0877, 1.215], 60
[0.3871, -0.0413, 0.1114, 0.7901, -1.0815, 1.2303], 60
[0.3871, -0.0509, 0.1042, 0.7732, -1.0739, 1.2456], 60
[0.3488, -0.0615, 0.1042, 0.7609, -1.0693, 1.2661], 60
[0.3105, -0.0715, 0.0971, 0.7487, -1.0647, 1.2865], 60
[0.273, -0.0715, 0.0899, 0.7318, -1.0585, 1.2968], 60
[0.273, -0.0812, 0.0828, 0.7195, -1.0539, 1.3172], 60
[0.2347, -0.0913, 0.0828, 0.7088, -1.0463, 1.3326], 60
[0.1964, -0.1009, 0.0756, 0.695, -1.0401, 1.353], 60
[0.1574, -0.1009, 0.0685, 0.6781, -1.034, 1.3735], 60
[0.1574, -0.111, 0.0613, 0.6643, -1.0279, 1.399], 60
[0.1184, -0.1215, 0.0613, 0.6536, -1.0233, 1.4041], 60
[0.0794, -0.1316, 0.0547, 0.6398, -1.0187, 1.4144], 60
[0.0412, -0.1316, 0.047, 0.6244, -1.011, 1.445], 60
[0.0029, -0.1417, 0.0398, 0.6075, -1.0049, 1.4655], 60
[0.0029, -0.1518, 0.0332, 0.5937, -0.9987, 1.4808], 60
[-0.0347, -0.1619, 0.0332, 0.5799, -0.9926, 1.5013], 60
[-0.0729, -0.172, 0.0261, 0.5661, -0.988, 1.5166], 60
[-0.1112, -0.172, 0.0189, 0.5539, -0.9803, 1.5371], 60
[-0.1112, -0.1821, 0.0112, 0.5355, -0.9726, 1.5575], 60
[-0.1495, -0.1922, 0.0112, 0.5232, -0.968, 1.5831], 60
[-0.1885, -0.2027, 0.0056, 0.5109, -0.965, 1.5984], 60
[-0.2268, -0.2027, -0.0026, 0.494, -0.9558, 1.6036], 60
[-0.2268, -0.2128, -0.0097, 0.4818, -0.9496, 1.6342], 60
[-0.265, -0.2229, -0.0097, 0.468, -0.9466, 1.6547], 60
[-0.3033, -0.2334, -0.0169, 0.4542, -0.9404, 1.6751], 60
[-0.3416, -0.2334, -0.0235, 0.4419, -0.9343, 1.6803], 60
[-0.3416, -0.2435, -0.0312, 0.425, -0.9266, 1.7109], 60
[-0.3806, -0.2532, -0.0312, 0.4127, -0.922, 1.7314], 60
[-0.4189, -0.2633, -0.0378, 0.3989, -0.9174, 1.7416], 60
[-0.4579, -0.2633, -0.045, 0.3836, -0.9113, 1.7621], 60
[-0.4579, -0.2729, -0.0521, 0.3728, -0.9067, 1.7723], 60
[-0.4969, -0.283, -0.0521, 0.3575, -0.899, 1.7876], 60
[-0.5352, -0.2931, -0.0593, 0.3452, -0.8944, 1.8183], 60
[-0.5742, -0.2931, -0.0659, 0.3314, -0.8898, 1.8337], 60
[-0.5742, -0.3032, -0.073, 0.3207, -0.8821, 1.8439], 60
[-0.6117, -0.3128, -0.073, 0.3054, -0.876, 1.8746], 60
[-0.65, -0.3229, -0.0802, 0.29, -0.8699, 1.8848], 60
[-0.6883, -0.3229, -0.0874, 0.2762, -0.8637, 1.9052], 60
[-0.6883, -0.333, -0.094, 0.2624, -0.8591, 1.9155], 60
[-0.7258, -0.3435, -0.094, 0.2486, -0.853, 1.9359], 60
[-0.7648, -0.3536, -0.1011, 0.2348, -0.8484, 1.9564], 60
[-0.8038, -0.3536, -0.1078, 0.2179, -0.8407, 1.9615], 60
[-0.8038, -0.3637, -0.1149, 0.2056, -0.8346, 1.9922], 60
[-0.8414, -0.3738, -0.1221, 0.1857, -0.8284, 2.0177], 60
[-0.8789, -0.3843, -0.1221, 0.1719, -0.8223, 2.0331], 60
[-0.9172, -0.3944, -0.1287, 0.1566, -0.8162, 2.0484], 60
[-0.9555, -0.3944, -0.1359, 0.1458, -0.81, 2.0689], 60
[-0.9555, -0.4045, -0.143, 0.1335, -0.8054, 2.0842], 60
[-0.9938, -0.4146, -0.143, 0.1228, -0.7978, 2.1047], 60
[-1.0328, -0.4247, -0.1502, 0.1059, -0.7947, 2.1251], 60
[-1.0718, -0.4247, -0.1573, 0.0891, -0.7855, 2.1353], 60
[-1.0718, -0.4352, -0.1645, 0.0753, -0.7794, 2.1558], 60
[-1.11, -0.4449, -0.1645, 0.0661, -0.7763, 2.1865], 60
[-1.1483, -0.4554, -0.1716, 0.0538, -0.7702, 2.1916], 60
[-1.1866, -0.4554, -0.1783, 0.0384, -0.7655, 2.212], 60
[-1.1866, -0.4655, -0.1854, 0.0216, -0.7579, 2.2325], 60
[-1.2249, -0.4751, -0.1854, 0.0062, -0.7533, 2.2478], 60
[-1.2566, -0.4825, -0.1916, 0.0016, -0.7502, 2.2478], 60
[-1.2797, -0.4825, -0.1962, -0.0076, -0.7471, 2.2529], 60
[-1.2797, -0.4884, -0.1992, -0.0091, -0.7471, 2.2632], 60
[-1.2913, -0.4907, -0.1992, -0.0106, -0.7471, 2.2683], 60
[-1.2956, -0.4894, -0.2074, -0.0106, -0.7303, 2.2683], 361
[-1.2956, -0.4811, -0.2197, -0.0106, -0.7103, 2.2683], 60
[-1.2913, -0.4687, -0.2197, -0.0106, -0.6812, 2.2734], 60
[-1.2855, -0.4531, -0.2391, -0.0106, -0.6398, 2.2683], 60
[-1.2783, -0.4531, -0.2631, -0.0106, -0.6014, 2.2683], 60
[-1.2783, -0.4352, -0.2891, -0.0106, -0.5569, 2.2734], 60
[-1.2704, -0.4169, -0.2891, -0.0106, -0.5247, 2.2734], 60
[-1.2624, -0.3985, -0.3157, -0.0106, -0.4894, 2.2683], 60
[-1.2545, -0.3985, -0.3433, -0.0106, -0.4526, 2.2683], 60
[-1.2545, -0.3793, -0.3698, -0.0106, -0.4189, 2.2734], 60
[-1.2465, -0.3605, -0.3974, -0.0106, -0.3759, 2.2734], 61
[-1.2386, -0.3417, -0.3974, -0.0106, -0.3514, 2.2734], 60
[-1.2306, -0.3229, -0.4245, -0.0106, -0.2992, 2.2734], 60
[-1.222, -0.3229, -0.4516, -0.0106, -0.2501, 2.2734], 60
[-1.222, -0.3041, -0.4792, -0.0106, -0.2225, 2.2734], 60
[-1.214, -0.2853, -0.4792, -0.0106, -0.1872, 2.2683], 60
[-1.2061, -0.2674, -0.5057, -0.0106, -0.1504, 2.2734], 60
[-1.1981, -0.2674, -0.5328, -0.0106, -0.1167, 2.2734], 60
[-1.1981, -0.2486, -0.5594, -0.0106, -0.0722, 2.2836], 60
[-1.1902, -0.2302, -0.5594, -0.0106, -0.0446, 2.2734], 60
[-1.1815, -0.2114, -0.5864, -0.0106, -0.0078, 2.2734], 60
[-1.1743, -0.2114, -0.6135, -0.0106, 0.0291, 2.2734], 60
[-1.1743, -0.1922, -0.6416, -0.0106, 0.0659, 2.2683], 60
[-1.1656, -0.1734, -0.6416, -0.0106, 0.1012, 2.2683], 60
[-1.1584, -0.1541, -0.6687, -0.0106, 0.1349, 2.2734], 60
[-1.1505, -0.1541, -0.6963, -0.0106, 0.1656, 2.2734], 60
[-1.1505, -0.1353, -0.7233, -0.0106, 0.207, 2.2734], 60
[-1.1418, -0.1169, -0.7233, -0.0091, 0.2515, 2.2683], 60
[-1.1339, -0.0986, -0.7504, -0.0091, 0.2837, 2.2683], 60
[-1.1259, -0.0986, -0.778, -0.0091, 0.3128, 2.2734], 60
[-1.1259, -0.0798, -0.8056, -0.0091, 0.3543, 2.2683], 60
[-1.1173, -0.061, -0.8056, -0.0091, 0.3819, 2.2734], 60
[-1.11, -0.0422, -0.8332, -0.0076, 0.4233, 2.2734], 60
[-1.1021, -0.0422, -0.8602, -0.0091, 0.4586, 2.2734], 60
[-1.1021, -0.0229, -0.8873, -0.0076, 0.4846, 2.2734], 60
[-1.0934, -0.0041, -0.8873, -0.0076, 0.5184, 2.2734], 60
[-1.0855, 0.0151, -0.9139, -0.0076, 0.5537, 2.2734], 60
[-1.0768, 0.0151, -0.9409, -0.0076, 0.5874, 2.2683], 60
[-1.0768, 0.0339, -0.968, -0.0076, 0.6288, 2.2734], 60
[-1.0689, 0.0527, -0.9951, -0.0076, 0.6779, 2.2683], 61
[-1.0616, 0.0715, -0.9951, -0.006, 0.7239, 2.2683], 60
[-1.053, 0.0903, -1.0222, -0.006, 0.7592, 2.2734], 60
[-1.045, 0.0903, -1.0503, -0.0045, 0.7976, 2.2734], 60
[-1.045, 0.1092, -1.0768, -0.0045, 0.8313, 2.2734], 60
[-1.0364, 0.1275, -1.0768, -0.0045, 0.862, 2.2734], 60
[-1.0284, 0.1468, -1.1039, -0.0045, 0.9034, 2.2734], 60
[-1.0205, 0.1468, -1.1315, -0.0014, 0.9387, 2.2683], 60
[-1.0205, 0.166, -1.1565, -0.0014, 0.9771, 2.2734], 60
[-1.0125, 0.1821, -1.1565, 0.0001, 0.9985, 2.2734], 60
[-1.0075, 0.1935, -1.1769, 0.0001, 1.0139, 2.2734], 60
[-1.0031, 0.1935, -1.1907, 0.0001, 1.0215, 2.2836], 60
[-1.0031, 0.2, -1.1969, 0.0016, 1.0215, 2.2683], 60
[-0.988, 0.2, -1.1775, 0.0262, 1.0169, 2.2734], 422
[-0.988, 0.2, -1.156, 0.0446, 0.997, 2.2683], 60
[-0.9764, 0.2, -1.156, 0.0661, 0.9632, 2.2632], 60
[-0.962, 0.2, -1.1315, 0.0814, 0.9356, 2.2478], 60
[-0.949, 0.2, -1.1054, 0.0967, 0.9157, 2.2274], 60
[-0.949, 0.2, -1.0789, 0.1151, 0.8881, 2.2069], 60
[-0.9345, 0.2, -1.0789, 0.1289, 0.8666, 2.1916], 60
[-0.9201, 0.2, -1.0518, 0.1458, 0.8451, 2.1814], 60
[-0.9049, 0.2, -1.0247, 0.1658, 0.8206, 2.1456], 60
[-0.9049, 0.2, -0.9976, 0.1796, 0.8022, 2.1302], 60
[-0.8912, 0.2, -0.9976, 0.1934, 0.7822, 2.1149], 60
[-0.876, 0.2, -0.9701, 0.2118, 0.7577, 2.1047], 60
[-0.8616, 0.2, -0.9435, 0.2287, 0.7347, 2.0791], 60
[-0.8616, 0.2, -0.9164, 0.2455, 0.7132, 2.0535], 60
[-0.8471, 0.2, -0.9164, 0.2593, 0.6948, 2.0331], 60
[-0.8327, 0.2, -0.8894, 0.2854, 0.6626, 2.0126], 60
[-0.8175, 0.2, -0.8628, 0.2992, 0.6457, 1.9871], 60
[-0.8031, 0.2, -0.8352, 0.3146, 0.6258, 1.9717], 60
[-0.8031, 0.2, -0.8076, 0.333, 0.6028, 1.9461], 60
[-0.7879, 0.2, -0.8076, 0.3483, 0.5844, 1.9257], 60
[-0.7735, 0.2, -0.7811, 0.3621, 0.5644, 1.9155], 60
[-0.7583, 0.2, -0.753, 0.3821, 0.5368, 1.895], 60
[-0.7583, 0.2, -0.7254, 0.3989, 0.5169, 1.8695], 60
[-0.7439, 0.2, -0.7254, 0.4127, 0.5, 1.8541], 60
[-0.7294, 0.2, -0.6983, 0.425, 0.4846, 1.8337], 60
[-0.7143, 0.2, -0.6712, 0.4403, 0.4647, 1.8234], 60
[-0.7143, 0.2, -0.6436, 0.4618, 0.4371, 1.7928], 60
[-0.6998, 0.2, -0.6436, 0.4818, 0.4125, 1.7774], 60
[-0.6847, 0.2, -0.6166, 0.494, 0.3957, 1.7518], 60
[-0.6702, 0.2, -0.5895, 0.5078, 0.3773, 1.7416], 60
[-0.6702, 0.2, -0.5614, 0.5216, 0.3573, 1.7263], 60
[-0.655, 0.2, -0.5614, 0.5401, 0.3343, 1.7007], 61
[-0.6406, 0.2, -0.5348, 0.5569, 0.3159, 1.6803], 60
[-0.6254, 0.2, -0.5078, 0.5753, 0.2914, 1.6649], 60
[-0.6254, 0.2, -0.4807, 0.5891, 0.273, 1.6445], 60
[-0.611, 0.2, -0.4807, 0.6045, 0.2545, 1.6291], 60
[-0.5958, 0.2, -0.4541, 0.6214, 0.23, 1.6087], 60
[-0.5821, 0.2, -0.4271, 0.6352, 0.2131, 1.5831], 61
[-0.5821, 0.2, -0.3995, 0.6566, 0.1871, 1.5627], 60
[-0.5669, 0.2, -0.3995, 0.6704, 0.1686, 1.5473], 60
[-0.5518, 0.2, -0.3724, 0.6842, 0.1502, 1.532], 60
[-0.5366, 0.2, -0.3448, 0.7042, 0.1242, 1.4962], 61
[-0.5222, 0.2, -0.3177, 0.7226, 0.1012, 1.4757], 60
[-0.5222, 0.2, -0.2907, 0.7379, 0.0812, 1.4553], 60
[-0.5077, 0.2, -0.2907, 0.7563, 0.0628, 1.4399], 60
[-0.4925, 0.2, -0.2636, 0.7702, 0.0429, 1.4195], 60
[-0.4781, 0.2, -0.2365, 0.7855, 0.0291, 1.399], 60
[-0.4781, 0.2, -0.2089, 0.8054, 0.006, 1.3786], 60
[-0.4629, 0.2, -0.2089, 0.8192, -0.0338, 1.3684], 60
[-0.4478, 0.2, -0.1819, 0.8361, -0.0538, 1.353], 60
[-0.4333, 0.2, -0.1548, 0.8499, -0.0645, 1.3223], 60
[-0.4333, 0.2, -0.1277, 0.8607, -0.0768, 1.2968], 60
[-0.4189, 0.2, -0.1277, 0.8806, -0.1044, 1.2814], 60
[-0.403, 0.2, -0.1006, 0.899, -0.1274, 1.261], 60
[-0.3885, 0.2, -0.0736, 0.9143, -0.1458, 1.2405], 60
[-0.3885, 0.2, -0.0465, 0.9328, -0.1688, 1.215], 60
[-0.3734, 0.2, -0.0465, 0.9466, -0.1857, 1.1945], 60
[-0.3589, 0.2, -0.0194, 0.968, -0.2118, 1.1792], 60
[-0.3438, 0.2, 0.0082, 0.9803, -0.2287, 1.1638], 60
[-0.3438, 0.2, 0.0352, 0.9987, -0.2517, 1.1331], 60
[-0.33, 0.2, 0.0352, 1.0141, -0.2731, 1.1127], 60
[-0.3142, 0.2, 0.0628, 1.0325, -0.29, 1.0973], 60
[-0.2997, 0.2, 0.0904, 1.0493, -0.3161, 1.082], 60
[-0.2997, 0.2, 0.1175, 1.0616, -0.333, 1.0616], 60
[-0.2853, 0.2, 0.1175, 1.0769, -0.356, 1.036], 60
[-0.2701, 0.2, 0.1446, 1.0908, -0.3744, 1.0155], 60
[-0.2557, 0.2, 0.1721, 1.1107, -0.3943, 1.0002], 60
[-0.2557, 0.2, 0.1997, 1.1276, -0.4143, 0.9849], 60
[-0.2412, 0.2, 0.1997, 1.146, -0.4388, 0.9644], 60
[-0.2261, 0.2, 0.2268, 1.1582, -0.4572, 0.9388], 60
[-0.2116, 0.2, 0.2544, 1.1736, -0.4772, 0.9184], 60
[-0.1957, 0.2, 0.2815, 1.1997, -0.5063, 0.903], 60
[-0.1957, 0.2, 0.308, 1.2135, -0.5247, 0.8826], 60
[-0.182, 0.2, 0.308, 1.2273, -0.5462, 0.8468], 60
[-0.1668, 0.2, 0.3346, 1.2426, -0.5661, 0.8315], 60
[-0.1517, 0.2, 0.3622, 1.2595, -0.5845, 0.8161], 60
[-0.1517, 0.2, 0.3893, 1.2794, -0.6091, 0.7854], 60
[-0.1372, 0.2, 0.3893, 1.2948, -0.6275, 0.7701], 60
[-0.1221, 0.2, 0.4168, 1.307, -0.6459, 0.7496], 60
[-0.1083, 0.2, 0.4439, 1.3255, -0.672, 0.7241], 60
[-0.1083, 0.2, 0.4715, 1.3408, -0.6919, 0.7139], 60
[-0.0924, 0.2, 0.4715, 1.3607, -0.7119, 0.6883], 60
[-0.078, 0.2, 0.4986, 1.3761, -0.7287, 0.6678], 60
[-0.0628, 0.2, 0.5256, 1.3914, -0.7533, 0.6423], 60
[-0.0628, 0.2, 0.5527, 1.4052, -0.7748, 0.6269], 60
[-0.0484, 0.2, 0.5527, 1.4252, -0.7932, 0.6116], 60
[-0.0332, 0.2, 0.5803, 1.4436, -0.8131, 0.5911], 60
[-0.0195, 0.2, 0.6074, 1.4589, -0.8376, 0.5758], 60
[-0.0195, 0.2, 0.6344, 1.4727, -0.8576, 0.54], 60
[-0.0043, 0.2, 0.6344, 1.4881, -0.8806, 0.5298], 60
[0.0101, 0.2, 0.662, 1.5049, -0.8959, 0.5144], 60
[0.0253, 0.2, 0.6891, 1.5249, -0.9159, 0.4889], 60
[0.0253, 0.2, 0.7157, 1.5417, -0.9404, 0.4735], 60
[0.0397, 0.2, 0.7157, 1.5494, -0.9604, 0.448], 60
[0.0549, 0.2, 0.7427, 1.5663, -0.9803, 0.4275], 60
[0.0693, 0.2, 0.7698, 1.5832, -0.9987, 0.4173], 60
[0.0693, 0.2, 0.7969, 1.6062, -1.0171, 0.4019], 60
[0.0845, 0.2004, 0.7969, 1.6215, -1.0371, 0.361], 60
[0.0989, 0.2004, 0.8229, 1.6353, -1.0601, 0.3457], 60
[0.1148, 0.2004, 0.8516, 1.6507, -1.0846, 0.3304], 60
[0.1148, 0.2004, 0.8791, 1.666, -1.1046, 0.3048], 60
[0.1293, 0.2004, 0.9062, 1.6921, -1.1291, 0.2792], 60
[0.1444, 0.2004, 0.9062, 1.7059, -1.1475, 0.269], 60
[0.1589, 0.2004, 0.9338, 1.7197, -1.1736, 0.2434], 60
[0.1741, 0.2004, 0.9614, 1.7335, -1.1905, 0.223], 60
[0.1741, 0.2004, 0.989, 1.755, -1.2135, 0.2076], 60
[0.1892, 0.2004, 0.989, 1.7703, -1.2303, 0.1821], 60
[0.2037, 0.2004, 1.0165, 1.7887, -1.2549, 0.1616], 60
[0.2188, 0.2004, 1.0436, 1.801, -1.2748, 0.1463], 60
[0.2188, 0.2004, 1.0707, 1.8163, -1.2948, 0.1258], 60
[0.2333, 0.2004, 1.0707, 1.8378, -1.3162, 0.1003], 60
[0.2484, 0.2004, 1.0983, 1.8531, -1.3362, 0.0849], 60
[0.2629, 0.2004, 1.1248, 1.8685, -1.3577, 0.0594], 60
[0.2629, 0.2004, 1.1514, 1.8854, -1.3776, 0.044], 60
[0.2766, 0.2004, 1.1514, 1.8992, -1.3991, 0.0389], 60
[0.286, 0.2004, 1.1724, 1.9068, -1.4114, 0.0338], 60
[0.2932, 0.2004, 1.1867, 1.9099, -1.4114, 0.0287], 60
[0.2932, 0.2004, 1.1938, 1.9114, -1.4114, 0.0184], 60
[0.3069, 0.1935, 1.1892, 1.9084, -1.419, 0.0184], 361
[0.3214, 0.1935, 1.1831, 1.8731, -1.419, 0.0184], 60
[0.3214, 0.1922, 1.1759, 1.8271, -1.419, 0.0184], 60
[0.3402, 0.189, 1.1759, 1.7672, -1.419, 0.0184], 60
[0.3625, 0.1839, 1.1667, 1.7274, -1.419, 0.0338], 60
[0.3849, 0.1839, 1.1575, 1.6813, -1.4175, 0.044], 60
[0.3849, 0.1779, 1.1483, 1.6415, -1.4175, 0.0542], 60
[0.4059, 0.1711, 1.1483, 1.6031, -1.4144, 0.0594], 60
[0.4304, 0.1642, 1.1391, 1.5663, -1.4083, 0.0696], 60
[0.4535, 0.1642, 1.1294, 1.5233, -1.4052, 0.0849], 60
[0.4535, 0.1573, 1.1208, 1.4835, -1.4037, 0.1003], 60
[0.4774, 0.1504, 1.1111, 1.4221, -1.3975, 0.1105], 61
[0.5005, 0.144, 1.1111, 1.3899, -1.396, 0.1156], 61
[0.5243, 0.1367, 1.1008, 1.3546, -1.396, 0.1207], 60
[0.5474, 0.1367, 1.0922, 1.3101, -1.396, 0.1309], 60
[0.5474, 0.1298, 1.0824, 1.2733, -1.396, 0.1514], 60
[0.5705, 0.1229, 1.0824, 1.238, -1.3945, 0.1616], 60
[0.5937, 0.116, 1.0732, 1.1981, -1.3899, 0.1616], 60
[0.6168, 0.116, 1.0635, 1.1629, -1.3868, 0.177], 60
[0.6168, 0.1092, 1.0533, 1.126, -1.3853, 0.1872], 60
[0.6406, 0.1023, 1.0533, 1.0815, -1.3837, 0.1974], 60
[0.6637, 0.0954, 1.0441, 1.0493, -1.3837, 0.2076], 60
[0.6875, 0.0954, 1.0344, 1.0002, -1.3837, 0.2179], 60
[0.6875, 0.089, 1.0252, 0.9711, -1.3837, 0.2281], 60
[0.7114, 0.0821, 1.0252, 0.9266, -1.3822, 0.2383], 60
[0.7352, 0.0752, 1.0155, 0.8913, -1.3776, 0.2485], 60
[0.7583, 0.0752, 1.0058, 0.8561, -1.3761, 0.2537], 60
[0.7583, 0.0683, 0.9961, 0.8131, -1.3761, 0.2639], 60
[0.7821, 0.0615, 0.9961, 0.7824, -1.3761, 0.2843], 60
[0.8053, 0.0546, 0.9869, 0.7471, -1.3761, 0.2843], 60
[0.8284, 0.0546, 0.9767, 0.7088, -1.3761, 0.2895], 60
[0.8284, 0.0477, 0.9675, 0.6735, -1.3745, 0.2997], 60
[0.8522, 0.0408, 0.9675, 0.629, -1.3715, 0.315], 60
[0.8753, 0.0335, 0.9578, 0.5999, -1.3699, 0.3355], 60
[0.8991, 0.0335, 0.9481, 0.5554, -1.3699, 0.3457], 60
[0.8991, 0.0271, 0.9389, 0.5247, -1.3669, 0.3457], 60
[0.9223, 0.0197, 0.9389, 0.4818, -1.3669, 0.3406], 60
[0.9454, 0.0128, 0.9292, 0.4526, -1.3669, 0.361], 60
[0.9692, 0.0128, 0.9195, 0.4081, -1.3669, 0.3866], 60
[0.993, 0.006, 0.9103, 0.359, -1.3638, 0.3866], 61
[0.993, -0.0009, 0.9006, 0.3176, -1.3638, 0.3917], 60
[1.0161, -0.0083, 0.9006, 0.2854, -1.3623, 0.4071], 60
[1.04, -0.0151, 0.8909, 0.2547, -1.3623, 0.4224], 61
[1.0631, -0.0151, 0.8817, 0.2041, -1.3577, 0.4428], 60
[1.0631, -0.022, 0.8715, 0.1688, -1.3561, 0.4531], 60
[1.0862, -0.0289, 0.8715, 0.1274, -1.3546, 0.4582], 60
[1.11, -0.0362, 0.8623, 0.1013, -1.3531, 0.4582], 60
[1.1331, -0.0362, 0.8526, 0.0661, -1.3515, 0.4735], 60
[1.1331, -0.0431, 0.8429, 0.017, -1.3515, 0.4838], 60
[1.1563, -0.05, 0.8429, -0.0198, -1.3515, 0.494], 60
[1.1794, -0.0569, 0.8337, -0.0582, -1.3515, 0.5093], 60
[1.2032, -0.0569, 0.8235, -0.0858, -1.3515, 0.5247], 60
[1.2032, -0.0633, 0.8137, -0.1318, -1.35, 0.5298], 60
[1.2263, -0.0706, 0.8137, -0.1671, -1.3469, 0.5349], 60
[1.2501, -0.0775, 0.8046, -0.2116, -1.3439, 0.5349], 60
[1.2732, -0.0775, 0.7948, -0.2469, -1.3439, 0.5656], 60
[1.2732, -0.0839, 0.7851, -0.2883, -1.3423, 0.5707], 60
[1.2971, -0.0903, 0.7851, -0.3174, -1.3423, 0.586], 60
[1.3209, -0.0972, 0.7759, -0.3604, -1.3423, 0.5911], 60
[1.3447, -0.0972, 0.7662, -0.3957, -1.3423, 0.5962], 60
[1.3447, -0.1041, 0.757, -0.4325, -1.3393, 0.6116], 60
[1.3679, -0.111, 0.757, -0.4708, -1.3393, 0.6269], 60
[1.391, -0.1174, 0.7473, -0.5061, -1.3377, 0.6372], 60
[1.4148, -0.1174, 0.7376, -0.5491, -1.3347, 0.6372], 60
[1.4148, -0.1243, 0.7284, -0.5844, -1.3347, 0.6525], 60
[1.4379, -0.1312, 0.7284, -0.615, -1.3347, 0.6678], 60
[1.461, -0.138, 0.7192, -0.6549, -1.3316, 0.6729], 61
[1.4834, -0.1449, 0.7095, -0.7009, -1.327, 0.6883], 60
[1.5072, -0.1449, 0.7003, -0.747, -1.327, 0.7036], 60
[1.5072, -0.1518, 0.6906, -0.7792, -1.327, 0.7139], 60
[1.5304, -0.1587, 0.6906, -0.8252, -1.327, 0.719], 60
[1.5535, -0.1656, 0.6809, -0.8589, -1.327, 0.7292], 60
[1.5773, -0.1656, 0.6722, -0.8958, -1.327, 0.7496], 60
[1.5773, -0.1729, 0.662, -0.9341, -1.3224, 0.7599], 60
[1.6004, -0.1798, 0.662, -0.9694, -1.3209, 0.7701], 60
[1.6242, -0.1867, 0.6528, -1.0047, -1.3193, 0.7701], 60
[1.6474, -0.1867, 0.6431, -1.0507, -1.3193, 0.7701], 60
[1.6474, -0.1935, 0.6334, -1.0844, -1.3178, 0.7854], 60
[1.6705, -0.2004, 0.6334, -1.1197, -1.3178, 0.811], 60
[1.6943, -0.2073, 0.6242, -1.1611, -1.3162, 0.8161], 60
[1.7174, -0.2073, 0.6145, -1.1949, -1.3147, 0.8263], 60
[1.7174, -0.2142, 0.6048, -1.2409, -1.3132, 0.8366], 60
[1.7405, -0.2211, 0.6048, -1.2716, -1.3132, 0.8417], 60
[1.7643, -0.2279, 0.5956, -1.3084, -1.3132, 0.857], 60
[1.7875, -0.2279, 0.5859, -1.3498, -1.3116, 0.8672], 60
[1.7875, -0.2348, 0.5757, -1.3851, -1.3086, 0.8775], 60
[1.8113, -0.2417, 0.5757, -1.4219, -1.307, 0.8877], 60
[1.8344, -0.2486, 0.567, -1.4557, -1.3055, 0.8979], 60
[1.8582, -0.2486, 0.5573, -1.4863, -1.304, 0.903], 60
[1.8582, -0.255, 0.5481, -1.5201, -1.304, 0.9184], 60
[1.8821, -0.2619, 0.5481, -1.5707, -1.3009, 0.9337], 60
[1.9059, -0.2688, 0.5384, -1.6121, -1.3009, 0.9388], 60
[1.9297, -0.2688, 0.5287, -1.6474, -1.3009, 0.9491], 60
[1.9297, -0.2756, 0.519, -1.6919, -1.3009, 0.9542], 60
[1.9528, -0.2821, 0.519, -1.7272, -1.3009, 0.9593], 60
[1.9709, -0.2876, 0.5108, -1.7609, -1.2978, 0.9797], 60
[1.9846, -0.2908, 0.5052, -1.7701, -1.2948, 0.9797], 60
[1.9846, -0.2908, 0.5011, -1.7732, -1.2932, 0.9695], 60
[1.9947, -0.2931, 0.5001, -1.7732, -1.2917, 0.9797], 120
[1.9955, -0.2931, 0.5001, -1.7732, -1.2902, 0.9695], 60
[1.9955, -0.2931, 0.5001, -1.7778, -1.2871, 0.9797], 60
[1.994, -0.2926, 0.4986, -1.7778, -1.2871, 0.9695], 60
[1.9875, -0.2899, 0.4986, -1.7778, -1.2825, 0.9797], 60
[1.9716, -0.2866, 0.4955, -1.7778, -1.2718, 0.9797], 61
[1.9716, -0.2866, 0.4899, -1.7747, -1.2549, 0.9695], 60
[1.9442, -0.2807, 0.4822, -1.7517, -1.2426, 0.9797], 60
[1.9102, -0.2752, 0.4822, -1.6996, -1.215, 0.9695], 60
[1.8741, -0.2697, 0.473, -1.6673, -1.192, 0.9695], 60
[1.8741, -0.2697, 0.4643, -1.6382, -1.1736, 0.9593], 60
[1.8358, -0.2642, 0.4541, -1.5983, -1.1521, 0.9286], 60
[1.7976, -0.2587, 0.4541, -1.5738, -1.1368, 0.9184], 60
[1.7593, -0.2527, 0.4439, -1.54, -1.1138, 0.903], 60
[1.721, -0.2477, 0.4347, -1.5078, -1.0877, 0.8877], 60
[1.721, -0.2477, 0.425, -1.4894, -1.0769, 0.8877], 60
[1.6827, -0.2417, 0.4153, -1.4618, -1.0601, 0.857], 60
[1.6445, -0.2367, 0.4153, -1.4265, -1.0355, 0.8366], 60
[1.6062, -0.2307, 0.4056, -1.402, -1.0156, 0.8263], 60
[1.6062, -0.2307, 0.3959, -1.3728, -0.9956, 0.8161], 60
[1.5672, -0.2252, 0.3959, -1.3498, -0.9803, 0.8059], 60
[1.5296, -0.2197, 0.3867, -1.3207, -0.9588, 0.7803], 60
[1.4914, -0.2142, 0.3765, -1.2977, -0.942, 0.765], 60
[1.4914, -0.2142, 0.3668, -1.267, -0.9189, 0.7548], 60
[1.4531, -0.2087, 0.3571, -1.244, -0.9036, 0.7292], 60
[1.4148, -0.2027, 0.3571, -1.2179, -0.8867, 0.7139], 60
[1.3772, -0.1968, 0.3479, -1.1933, -0.8668, 0.7036], 60
[1.3772, -0.1968, 0.3382, -1.1719, -0.8484, 0.6934], 60
[1.339, -0.1912, 0.329, -1.1519, -0.8376, 0.6678], 60
[1.3, -0.1853, 0.329, -1.1197, -0.8146, 0.6525], 60
[1.2617, -0.1802, 0.3193, -1.0967, -0.7947, 0.6423], 60
[1.2617, -0.1802, 0.3096, -1.0645, -0.7732, 0.6269], 60
[1.222, -0.1743, 0.3004, -1.0399, -0.7533, 0.6116], 60
[1.1837, -0.1688, 0.3004, -1.0169, -0.7379, 0.5962], 60
[1.1461, -0.1633, 0.2907, -0.9893, -0.7211, 0.5911], 60
[1.1461, -0.1633, 0.281, -0.9586, -0.695, 0.5707], 60
[1.1079, -0.1573, 0.2712, -0.9372, -0.6796, 0.5502], 60
[1.0696, -0.1518, 0.2712, -0.9126, -0.6612, 0.54], 60
[1.0313, -0.1454, 0.2615, -0.885, -0.6444, 0.5247], 60
[1.0313, -0.1454, 0.2518, -0.8605, -0.6229, 0.5144], 60
[0.9923, -0.1403, 0.2426, -0.839, -0.606, 0.494], 60
[0.954, -0.1348, 0.2426, -0.8052, -0.583, 0.4786], 60
[0.9158, -0.1293, 0.2329, -0.7807, -0.5677, 0.4633], 60
[0.8775, -0.1238, 0.2232, -0.7516, -0.5462, 0.4531], 61
[0.8775, -0.1238, 0.2135, -0.7239, -0.5247, 0.4326], 60
[0.8392, -0.1183, 0.2043, -0.6979, -0.5063, 0.4224], 60
[0.8009, -0.1124, 0.2043, -0.6733, -0.4879, 0.4122], 60
[0.7619, -0.1064, 0.1941, -0.6503, -0.471, 0.3968], 60
[0.7229, -0.1064, 0.1844, -0.6242, -0.4495, 0.3661], 60
[0.7229, -0.1009, 0.1747, -0.592, -0.4281, 0.3559], 60
[0.6847, -0.0954, 0.1747, -0.569, -0.4127, 0.3406], 60
[0.6457, -0.0899, 0.165, -0.5414, -0.3943, 0.3252], 60
[0.6457, -0.0899, 0.1548, -0.5215, -0.3759, 0.3099], 60
[0.6067, -0.0844, 0.1451, -0.4877, -0.3514, 0.2997], 60
[0.5691, -0.0789, 0.1451, -0.4662, -0.336, 0.2792], 60
[0.5308, -0.0729, 0.1354, -0.4386, -0.3192, 0.269], 60
[0.5308, -0.0729, 0.1257, -0.4156, -0.3008, 0.2537], 60
[0.4918, -0.0674, 0.116, -0.3895, -0.2808, 0.2383], 60
[0.4543, -0.0619, 0.116, -0.3665, -0.2624, 0.223], 60
[0.416, -0.0564, 0.1068, -0.342, -0.244, 0.2128], 60
[0.416, -0.0564, 0.0971, -0.3174, -0.2271, 0.2076], 60
[0.3784, -0.0504, 0.0874, -0.2929, -0.2087, 0.1872], 60
[0.3402, -0.0454, 0.0874, -0.2592, -0.1857, 0.1667], 60
[0.3019, -0.0394, 0.0776, -0.2361, -0.1734, 0.1565], 60
[0.3019, -0.0394, 0.0679, -0.2116, -0.1535, 0.1361], 60
[0.2643, -0.0335, 0.0577, -0.1809, -0.1274, 0.1309], 60
[0.2253, -0.028, 0.0577, -0.1579, -0.1105, 0.1105], 60
[0.1878, -0.022, 0.0475, -0.1334, -0.0952, 0.1003], 60
[0.1488, -0.022, 0.0383, -0.1042, -0.0737, 0.0849], 60
[0.1488, -0.0165, 0.0286, -0.0781, -0.0538, 0.0645], 60
[0.1098, -0.011, 0.0286, -0.0567, -0.0354, 0.0542], 60
[0.0708, -0.006, 0.0184, -0.0245, -0.0139, 0.0389], 60
[0.0397, -0.0028, 0.0107, -0.0045, -0.0001, 0.0389], 60
[0.0397, -0.0028, 0.0056, 0.0093, 0.0076, 0.0338], 60
[0.0181, -0.0018, 0.001, 0.0124, 0.0122, 0.0338], 60
[0.0072, 0.0, 0.001, 0.0139, 0.0122, 0.0287], 60
[0.0007, 0.0, 0.0, 0.0062, 0.0014, 0.0287], 84
[0.0007, 0.0, -0.0005, -0.003, -0.0016, 0.0133], 13
[0.0007, 0.0, -0.0005, -0.0014, -0.0016, 0.0031], 60
