[0.0, -0.0, -0.003, -0.0, -0.0, -0.0] 79.982
[0.0, 0.029, -0.032, -0.0, -0.0, -0.0] 64.566
[0.0, 0.058, -0.061, -0.0, -0.0, -0.0] 63.463
[0.0, 0.086, -0.09, -0.0, -0.0, -0.0] 48.287
[0.0, 0.115, -0.119, -0.0, -0.0, -0.0] 97.032
[0.0, 0.144, -0.147, -0.0, -0.0, -0.0] 79.16
[0.0, 0.173, -0.176, -0.0, -0.0, -0.0] 63.788
[0.0, 0.202, -0.205, -0.0, -0.0, -0.0] 63.906
[0.0, 0.23, -0.234, -0.0, -0.0, -0.0] 61.653
[0.0, 0.259, -0.263, -0.0, -0.0, -0.0] 83.195
[0.0, 0.288, -0.291, -0.0, -0.0, -0.0] 51.684
[0.0, 0.317, -0.32, -0.0, -0.0, -0.0] 75.589
[0.0, 0.346, -0.349, -0.0, 0.0, -0.0] 64.101
[0.0, 0.374, -0.378, -0.0, 0.0, -0.0] 47.741
[0.0, 0.403, -0.407, -0.0, 0.0, -0.0] 64.227
[0.0, 0.432, -0.435, -0.0, 0.0, -0.0] 79.144
[0.0, 0.461, -0.464, -0.0, 0.0, -0.0] 64.195
[0.0, 0.482, -0.493, 0.0, 0.0, -0.0] 64.94
[0.0, 0.492, -0.522, 0.0, 0.0, -0.0] 63.087
[0.0, 0.496, -0.551, 0.0, 0.0, -0.0] 62.795
[0.0, 0.498, -0.579, 0.0, 0.0, -0.0] 74.332
[0.0, 0.499, -0.608, 0.0, 0.0, 0.0] 59.577
[0.0, 0.5, -0.637, 0.0, 0.0, -0.0] 72.274
[0.0, 0.5, -0.666, 0.0, 0.0, -0.0] 63.021
[0.0, 0.5, -0.695, 0.0, 0.0, -0.0] 63.76
[0.0, 0.5, -0.723, 0.0, 0.0, -0.0] 51.244
[0.0, 0.5, -0.752, 0.0, 0.0, 0.0] 73.528
[0.0, 0.5, -0.781, 0.0, 0.0, 0.0] 66.316
[0.0, 0.5, -0.81, 0.0, 0.0, 0.0] 63.712
[0.0, 0.5, -0.839, 0.0, 0.0, 0.0] 63.577
[0.0, 0.5, -0.867, 0.0, 0.0, 0.0] 60.985
[0.0, 0.5, -0.896, 0.0, 0.0, 0.0] 62.501
[0.0, 0.5, -0.925, 0.0, 0.0, 0.0] 101.274
[0.0, 0.5, -0.954, 0.0, 0.0, 0.0] 61.293
[0.0, 0.5, -0.983, 0.0, 0.0, 0.0] 56.666
[0.0, 0.5, -1.011, 0.0, 0.0, 0.0] 65.075
[0.0, 0.5, -1.04, -0.0, 0.0, 0.0] 63.471
[0.0, 0.5, -1.069, 0.0, 0.0, 0.0] 76.613
[0.0, 0.5, -1.098, -0.0, 0.0, 0.0] 59.574
[0.0, 0.5, -1.127, 0.0, 0.0, 0.0] 65.378
[0.0, 0.5, -1.155, 0.0, 0.0, 0.0] 68.339
[0.0, 0.5, -1.184, 0.0, 0.0, 0.0] 62.65
[0.0, 0.5, -1.213, 0.0, 0.0, 0.0] 79.835
[0.0, 0.5, -1.233, 0.0, 0.0, 0.0] 63.945
[0.0, 0.5, -1.242, 0.0, 0.0, 0.0] 60.304
[0.029, 0.471, -1.213, 0.0, 0.0, -0.004] 54.733
[0.058, 0.442, -1.184, 0.0, 0.0, -0.006] 75.952
[0.086, 0.414, -1.156, 0.0, 0.0, -0.006] 63.758
[0.115, 0.385, -1.127, 0.0, 0.0, -0.007] 64.16
[0.144, 0.356, -1.098, 0.0, 0.0, -0.007] 62.943
[0.173, 0.327, -1.069, 0.0, 0.0, -0.007] 79.483
[0.202, 0.298, -1.041, 0.0, 0.0, -0.007] 63.774
[0.23, 0.27, -1.012, 0.0, 0.0, -0.007] 63.471
[0.259, 0.241, -0.983, 0.0, 0.0, -0.007] 63.947
[0.288, 0.212, -0.954, 0.0, 0.0, -0.007] 79.593
[0.317, 0.183, -0.925, 0.0, 0.0, -0.007] 53.249
[0.346, 0.154, -0.897, 0.0, 0.0, -0.007] 73.68
[0.374, 0.126, -0.868, 0.0, 0.0, -0.007] 56.379
[0.403, 0.097, -0.839, 0.0, 0.0, -0.007] 55.563
[0.432, 0.068, -0.81, 0.0, 0.0, -0.007] 80.297
[0.461, 0.039, -0.781, 0.0, -0.0, -0.007] 95.463
[0.49, 0.01, -0.753, 0.0, 0.0, -0.007] 64.118
[0.518, -0.018, -0.724, 0.0, 0.0, -0.007] 64.042
[0.547, -0.047, -0.695, 0.0, 0.0, -0.007] 64.019
[0.576, -0.076, -0.666, 0.0, 0.0, -0.007] 79.984
[0.605, -0.105, -0.637, 0.0, 0.0, -0.007] 63.91
[0.634, -0.134, -0.609, 0.0, 0.0, -0.007] 64.317
[0.662, -0.162, -0.58, 0.0, -0.0, -0.007] 63.689
[0.691, -0.191, -0.551, 0.0, -0.0, -0.007] 64.553
[0.72, -0.218, -0.522, 0.0, -0.0, -0.007] 95.693
[0.749, -0.232, -0.493, 0.0, -0.0, -0.007] 79.999
[0.778, -0.238, -0.465, 0.0, -0.0, -0.007] 64.206
[0.806, -0.241, -0.436, 0.0, -0.0, -0.007] 63.724
[0.835, -0.243, -0.407, 0.0, -0.0, -0.007] 64.239
[0.864, -0.243, -0.378, -0.0, -0.0, -0.007] 63.851
[0.893, -0.244, -0.349, -0.0, -0.0, -0.007] 68.304
[0.922, -0.244, -0.321, -0.0, -0.0, -0.007] 69.508
[0.95, -0.244, -0.292, -0.0, -0.0, -0.007] 54.456
[0.974, -0.244, -0.263, -0.0, -0.0, -0.007] 63.429
[0.985, -0.244, -0.234, -0.0, 0.0, -0.007] 80.466
[0.991, -0.244, -0.205, -0.0, -0.0, -0.007] 64.294
[0.993, -0.244, -0.177, -0.0, -0.0, -0.007] 63.216
[0.994, -0.244, -0.148, -0.0, -0.0, -0.007] 64.112
[0.995, -0.244, -0.119, -0.0, -0.0, -0.007] 80.071
[0.995, -0.244, -0.09, -0.0, -0.0, -0.007] 63.1
[0.995, -0.244, -0.061, -0.0, -0.0, -0.007] 63.928
[0.995, -0.244, -0.033, -0.0, -0.0, -0.007] 63.511
[0.995, -0.244, -0.004, -0.0, -0.0, -0.007] 79.412
[0.995, -0.244, 0.025, -0.0, -0.0, -0.007] 63.39
[0.995, -0.244, 0.054, -0.0, -0.0, -0.007] 63.002
[0.995, -0.244, 0.083, -0.0, -0.0, -0.007] 79.498
[0.995, -0.244, 0.111, -0.0, -0.0, -0.007] 79.388
[0.995, -0.244, 0.14, -0.0, -0.0, -0.007] 63.627
[0.995, -0.244, 0.169, -0.0, -0.0, -0.007] 62.981
[0.995, -0.244, 0.198, -0.0, -0.0, -0.007] 63.862
[0.995, -0.244, 0.227, -0.0, -0.0, -0.007] 74.238
[0.995, -0.244, 0.255, -0.0, -0.0, -0.007] 68.401
[0.995, -0.244, 0.284, -0.0, -0.0, -0.007] 63.773
[0.995, -0.244, 0.313, 0.0, -0.0, -0.007] 63.974
[0.995, -0.244, 0.342, 0.0, -0.0, -0.007] 79.885
[0.995, -0.244, 0.371, 0.0, -0.0, -0.007] 64.306
[0.995, -0.244, 0.399, 0.0, -0.0, -0.007] 63.679
[0.995, -0.244, 0.428, 0.0, -0.0, -0.007] 63.788
[0.995, -0.244, 0.457, 0.0, -0.0, -0.007] 63.449
[0.995, -0.244, 0.486, 0.0, -0.0, -0.007] 96.117
[0.995, -0.244, 0.515, 0.0, -0.0, -0.007] 63.08
[0.995, -0.244, 0.543, 0.0, -0.0, -0.007] 63.789
[0.995, -0.244, 0.572, 0.0, -0.0, -0.007] 64.418
[0.995, -0.244, 0.601, 0.0, -0.0, -0.007] 79.227
[0.995, -0.244, 0.63, 0.0, -0.0, -0.007] 64.516
[0.995, -0.244, 0.659, 0.0, -0.0, -0.007] 63.282
[0.995, -0.244, 0.687, 0.0, -0.0, -0.007] 62.533
[0.995, -0.244, 0.716, 0.0, -0.0, -0.007] 79.683
[0.995, -0.244, 0.745, 0.0, -0.0, -0.007] 63.802
[0.995, -0.244, 0.774, 0.0, -0.0, -0.007] 48.513
[0.995, -0.244, 0.803, 0.0, -0.0, -0.007] 63.965
[0.995, -0.244, 0.831, 0.0, -0.0, -0.007] 63.586
[0.995, -0.244, 0.86, 0.0, -0.0, -0.007] 96.44
[0.995, -0.244, 0.889, 0.0, -0.0, -0.007] 64.166
[0.995, -0.244, 0.918, 0.0, -0.0, -0.007] 62.819
[0.995, -0.244, 0.947, -0.0, -0.0, -0.007] 63.326
[0.995, -0.244, 0.973, -0.0, -0.0, -0.007] 79.199
[0.995, -0.244, 0.988, -0.0, -0.0, -0.007] 64.244
[0.995, -0.244, 0.994, -0.0, -0.0, -0.007] 64.205
[0.966, -0.273, 0.966, -0.029, -0.029, -0.002] 64.189
[0.937, -0.302, 0.937, -0.058, -0.058, 0.001] 64.053
[0.909, -0.33, 0.908, -0.086, -0.086, 0.002] 95.503
[0.88, -0.359, 0.879, -0.115, -0.115, 0.003] 63.981
[0.851, -0.388, 0.85, -0.144, -0.144, 0.003] 64.452
[0.822, -0.417, 0.822, -0.173, -0.173, 0.003] 62.67
[0.793, -0.446, 0.793, -0.202, -0.202, 0.003] 79.325
[0.765, -0.474, 0.764, -0.23, -0.23, 0.003] 63.574
[0.736, -0.503, 0.735, -0.259, -0.259, 0.003] 63.716
[0.707, -0.532, 0.706, -0.288, -0.288, 0.003] 63.765
[0.678, -0.561, 0.688, -0.317, -0.317, 0.003] 78.984
[0.649, -0.578, 0.68, -0.346, -0.346, 0.003] 79.575
[0.621, -0.585, 0.676, -0.374, -0.374, 0.003] 64.195
[0.592, -0.589, 0.675, -0.403, -0.403, 0.003] 47.811
[0.563, -0.591, 0.674, -0.432, -0.432, 0.003] 64.424
[0.534, -0.591, 0.673, -0.461, -0.461, 0.003] 79.797
[0.505, -0.592, 0.673, -0.49, -0.49, 0.003] 63.766
[0.477, -0.592, 0.673, -0.518, -0.518, 0.003] 64.056
[0.448, -0.592, 0.673, -0.547, -0.547, 0.003] 63.65
[0.419, -0.592, 0.673, -0.576, -0.576, 0.003] 79.49
[0.39, -0.592, 0.673, -0.605, -0.605, 0.003] 63.862
[0.361, -0.592, 0.673, -0.634, -0.634, 0.003] 62.961
[0.333, -0.592, 0.673, -0.662, -0.662, 0.003] 63.59
[0.304, -0.592, 0.673, -0.691, -0.691, 0.003] 79.603
[0.275, -0.592, 0.673, -0.72, -0.72, 0.003] 64.317
[0.246, -0.592, 0.673, -0.749, -0.749, 0.003] 47.788
[0.217, -0.592, 0.673, -0.778, -0.778, 0.003] 95.963
[0.189, -0.592, 0.673, -0.806, -0.806, 0.003] 65.078
[0.16, -0.592, 0.673, -0.835, -0.835, 0.003] 62.347
[0.131, -0.592, 0.673, -0.864, -0.864, 0.003] 63.677
[0.112, -0.592, 0.673, -0.893, -0.893, 0.003] 79.232
[0.103, -0.592, 0.673, -0.922, -0.922, 0.003] 63.481
[0.099, -0.592, 0.673, -0.95, -0.95, 0.003] 63.671
[0.098, -0.592, 0.673, -0.979, -0.979, 0.003] 63.427
[0.097, -0.592, 0.673, -1.008, -1.008, 0.003] 80.023
[0.096, -0.592, 0.673, -1.037, -1.037, 0.003] 79.12
[0.096, -0.592, 0.673, -1.066, -1.066, 0.003] 63.906
[0.096, -0.592, 0.673, -1.094, -1.094, 0.003] 64.643
[0.096, -0.592, 0.673, -1.123, -1.123, 0.003] 62.141
[0.096, -0.592, 0.673, -1.152, -1.152, 0.003] 80.201
[0.096, -0.592, 0.673, -1.181, -1.181, 0.003] 64.173
[0.096, -0.592, 0.673, -1.21, -1.21, 0.003] 63.705
[0.096, -0.592, 0.673, -1.238, -1.238, 0.003] 63.586
[0.096, -0.592, 0.673, -1.267, -1.267, 0.003] 79.472
[0.096, -0.592, 0.673, -1.296, -1.296, 0.003] 63.245
[0.096, -0.592, 0.673, -1.325, -1.325, 0.003] 63.862
[0.096, -0.592, 0.673, -1.354, -1.354, 0.003] 63.612
[0.096, -0.592, 0.673, -1.382, -1.382, 0.003] 64.384
[0.096, -0.592, 0.673, -1.411, -1.411, 0.003] 95.574
[0.096, -0.592, 0.673, -1.44, -1.44, 0.003] 64.049
[0.096, -0.592, 0.673, -1.469, -1.469, 0.003] 63.327
[0.096, -0.592, 0.673, -1.498, -1.485, 0.003] 63.802
[0.096, -0.592, 0.673, -1.526, -1.493, 0.003] 79.256
[0.096, -0.592, 0.673, -1.555, -1.496, 0.003] 64.118
[0.096, -0.592, 0.673, -1.584, -1.498, 0.003] 63.956
[0.096, -0.592, 0.673, -1.613, -1.498, 0.003] 63.822
[0.096, -0.592, 0.673, -1.642, -1.499, 0.003] 80.131
[0.096, -0.592, 0.673, -1.67, -1.499, 0.003] 64.064
[0.096, -0.592, 0.673, -1.699, -1.499, 0.003] 63.764
[0.096, -0.592, 0.673, -1.72, -1.499, 0.003] 63.935
[0.096, -0.592, 0.673, -1.73, -1.499, 0.003] 79.975
[0.067, -0.563, 0.644, -1.701, -1.47, 0.003] 64.261
[0.038, -0.534, 0.615, -1.672, -1.441, 0.003] 63.546
[0.018, -0.506, 0.587, -1.643, -1.413, 0.003] 64.686
[0.008, -0.477, 0.558, -1.615, -1.384, 0.003] 63.308
[0.004, -0.448, 0.529, -1.586, -1.355, 0.003] 80.331
[0.002, -0.419, 0.5, -1.557, -1.326, 0.003] 63.536
[0.001, -0.39, 0.471, -1.528, -1.297, 0.003] 63.453
[0.0, -0.362, 0.443, -1.499, -1.269, 0.003] 79.256
[0.0, -0.333, 0.414, -1.471, -1.24, 0.003] 63.859
[0.0, -0.304, 0.385, -1.442, -1.211, 0.003] 64.212
[0.0, -0.275, 0.356, -1.413, -1.182, 0.003] 47.491
[0.0, -0.246, 0.327, -1.384, -1.153, 0.003] 79.45
[0.0, -0.218, 0.299, -1.355, -1.125, 0.003] 78.428
[0.0, -0.189, 0.27, -1.327, -1.096, 0.003] 80.417
[0.0, -0.16, 0.241, -1.298, -1.067, 0.003] 63.676
[0.0, -0.131, 0.212, -1.269, -1.038, 0.003] 63.709
[0.0, -0.102, 0.183, -1.24, -1.009, 0.003] 63.99
[0.0, -0.074, 0.155, -1.211, -0.981, 0.003] 79.305
[0.0, -0.045, 0.126, -1.183, -0.952, 0.003] 63.555
[0.0, -0.016, 0.097, -1.154, -0.923, 0.003] 63.558
[0.0, 0.013, 0.068, -1.125, -0.894, 0.003] 63.461
[0.0, 0.042, 0.039, -1.096, -0.865, 0.003] 74.623
[0.0, 0.07, 0.011, -1.067, -0.837, 0.003] 68.651
[0.0, 0.099, -0.018, -1.039, -0.808, 0.003] 63.892
[0.0, 0.128, -0.047, -1.01, -0.779, 0.003] 63.362
[0.0, 0.157, -0.076, -0.981, -0.75, 0.003] 64.198
[0.0, 0.186, -0.104, -0.952, -0.721, 0.003] 80.393
[0.0, 0.214, -0.133, -0.923, -0.693, 0.003] 63.117
[0.0, 0.243, -0.162, -0.895, -0.664, 0.003] 64.228
[0.0, 0.272, -0.191, -0.866, -0.635, 0.003] 63.712
[0.0, 0.301, -0.22, -0.837, -0.606, 0.003] 78.768
[0.0, 0.33, -0.248, -0.808, -0.577, 0.003] 63.779
[0.0, 0.358, -0.277, -0.779, -0.549, 0.003] 63.535
[0.0, 0.387, -0.306, -0.751, -0.52, 0.003] 80.52
[0.0, 0.416, -0.335, -0.722, -0.491, 0.003] 63.771
[0.0, 0.445, -0.364, -0.693, -0.462, 0.003] 63.339
[0.0, 0.472, -0.392, -0.664, -0.434, 0.003] 63.693
[0.0, 0.487, -0.421, -0.635, -0.405, 0.003] 63.073
[0.0, 0.494, -0.45, -0.607, -0.376, 0.003] 79.974
[0.0, 0.497, -0.479, -0.578, -0.347, 0.003] 63.773
[0.0, 0.499, -0.508, -0.549, -0.318, 0.003] 64.537
[0.0, 0.499, -0.536, -0.52, -0.29, 0.003] 64.223
[0.0, 0.5, -0.565, -0.491, -0.261, 0.003] 95.773
[0.0, 0.5, -0.594, -0.463, -0.232, 0.003] 63.247
[0.0, 0.5, -0.623, -0.434, -0.203, 0.003] 63.728
[0.0, 0.5, -0.652, -0.405, -0.174, 0.003] 63.816
[0.0, 0.5, -0.68, -0.376, -0.146, 0.003] 49.346
[0.0, 0.5, -0.709, -0.347, -0.117, 0.003] 78.748
[0.0, 0.5, -0.738, -0.319, -0.088, 0.003] 79.19
[0.0, 0.5, -0.767, -0.29, -0.059, 0.003] 79.882
[0.0, 0.5, -0.796, -0.261, -0.031, 0.003] 63.534
[0.0, 0.5, -0.824, -0.232, -0.016, 0.003] 63.191
[0.0, 0.5, -0.853, -0.203, -0.009, 0.003] 63.007
[0.0, 0.5, -0.882, -0.175, -0.006, 0.003] 79.098
[0.0, 0.5, -0.911, -0.146, -0.004, 0.003] 79.761
[0.0, 0.5, -0.94, -0.117, -0.004, 0.003] 63.182
[0.0, 0.5, -0.968, -0.088, -0.003, 0.003] 64.052
[0.0, 0.5, -0.997, -0.059, -0.003, 0.003] 63.506
[0.0, 0.5, -1.026, -0.031, -0.003, 0.003] 64.289
[0.0, 0.5, -1.055, -0.014, -0.003, 0.003] 80.025
[0.0, 0.5, -1.084, -0.007, -0.003, 0.003] 63.788
[0.0, 0.5, -1.112, -0.003, -0.003, 0.003] 64.509
[0.0, 0.5, -1.141, -0.001, -0.003, 0.003] 63.209
[0.0, 0.5, -1.17, -0.001, -0.003, 0.003] 94.938
[0.0, 0.5, -1.199, -0.0, -0.003, 0.003] 63.963
[0.0, 0.5, -1.225, -0.0, -0.003, 0.003] 63.483
[0.0, 0.5, -1.238, -0.0, -0.003, 0.003] 63.263
[0.0, 0.5, -1.245, -0.0, -0.003, 0.003] 64.439
[0.0, 0.471, -1.216, -0.0, -0.001, 0.001] 78.966
[0.0, 0.442, -1.187, 0.0, -0.001, 0.001] 63.74
[0.0, 0.414, -1.158, 0.0, -0.0, 0.0] 63.705
[0.0, 0.385, -1.129, 0.0, -0.0, 0.0] 63.78
[0.0, 0.356, -1.101, 0.0, -0.0, 0.0] 80.511
[0.0, 0.327, -1.072, -0.0, -0.0, 0.0] 65.905
[0.0, 0.298, -1.043, 0.0, -0.0, 0.0] 61.274
[0.0, 0.27, -1.014, -0.0, -0.0, 0.0] 63.265
[0.0, 0.241, -0.985, -0.0, -0.0, 0.0] 75.412
[0.0, 0.212, -0.957, 0.0, -0.0, 0.0] 83.988
[0.0, 0.183, -0.928, 0.0, -0.0, -0.0] 56.335
[0.0, 0.154, -0.899, 0.0, -0.0, -0.0] 69.665
[0.0, 0.126, -0.87, 0.0, -0.0, -0.0] 65.99
[0.0, 0.097, -0.842, 0.0, -0.0, 0.0] 59.328
[0.0, 0.068, -0.813, 0.0, -0.0, -0.0] 84.516
[0.0, 0.039, -0.784, 0.0, -0.0, 0.0] 62.85
[0.0, 0.018, -0.755, 0.0, -0.0, -0.0] 63.382
[0.0, 0.008, -0.726, 0.0, -0.0, 0.0] 94.929
[0.0, 0.004, -0.698, 0.0, -0.0, 0.0] 63.618
[0.0, 0.002, -0.669, 0.0, -0.0, -0.0] 63.264
[0.0, 0.001, -0.64, 0.0, -0.0, -0.0] 64.175
[0.0, 0.0, -0.611, 0.0, -0.0, 0.0] 528.147
[0.0, 0.0, -0.582, 0.0, -0.0, -0.0] 80.044
[0.0, 0.0, -0.554, 0.0, -0.0, -0.0] 64.113
[0.0, 0.0, -0.525, 0.0, -0.0, -0.0] 63.948
[0.0, 0.0, -0.496, 0.0, -0.0, -0.0] 63.914
[0.0, 0.0, -0.467, 0.0, -0.0, -0.0] 63.249
[0.0, 0.0, -0.438, 0.0, -0.0, -0.0] 62.592
[0.0, 0.0, -0.41, 0.0, -0.0, -0.0] 79.641
[0.0, 0.0, -0.381, 0.0, -0.0, -0.0] 63.602
[0.0, -0.0, -0.352, 0.0, -0.0, -0.0] 63.519
[0.0, -0.0, -0.323, 0.0, -0.0, -0.0] 63.106
[0.0, -0.0, -0.294, 0.0, -0.0, -0.0] 80.266
[0.0, -0.0, -0.266, 0.0, -0.0, -0.0] 64.089
[0.0, -0.0, -0.237, 0.0, -0.0, -0.0] 63.863
[0.0, -0.0, -0.208, 0.0, -0.0, -0.0] 64.18
[0.0, -0.0, -0.179, 0.0, -0.0, -0.0] 79.917
[0.0, -0.0, -0.15, 0.0, -0.0, -0.0] 80.113
[0.0, -0.0, -0.122, 0.0, -0.0, -0.0] 63.82
[0.0, -0.0, -0.093, 0.0, -0.0, -0.0] 63.568
[0.0, -0.0, -0.064, -0.0, -0.0, -0.0] 64.561
[0.0, -0.0, -0.035, -0.0, -0.0, -0.0] 79.387
[0.0, -0.0, -0.016, -0.0, -0.0, -0.0] 80.592
[0.0, -0.0, -0.008, -0.0, -0.0, -0.0] 63.78
