[0.0, -0.0, -0.003, -0.0, -0.0, -0.0] 63.838
[0.0, 0.029, -0.032, -0.0, -0.0, -0.0] 78.81
[0.0, 0.058, -0.061, -0.0, -0.0, -0.0] 64.03
[0.0, 0.086, -0.09, -0.0, -0.0, -0.0] 63.8
[0.0, 0.115, -0.119, -0.0, -0.0, -0.0] 63.733
[0.0, 0.144, -0.147, -0.0, -0.0, -0.0] 64.429
[0.0, 0.173, -0.176, -0.0, -0.0, -0.0] 79.434
[0.0, 0.202, -0.205, -0.0, -0.0, -0.0] 63.342
[0.0, 0.23, -0.234, -0.0, -0.0, -0.0] 63.047
[0.0, 0.259, -0.263, -0.0, -0.0, -0.0] 63.493
[0.0, 0.288, -0.291, -0.0, -0.0, -0.0] 78.627
[0.0, 0.317, -0.32, -0.0, -0.0, -0.0] 62.959
[0.0, 0.346, -0.349, -0.0, 0.0, -0.0] 62.595
[0.0, 0.374, -0.378, -0.0, 0.0, -0.0] 48.205
[0.0, 0.403, -0.407, -0.0, 0.0, -0.0] 93.522
[0.0, 0.432, -0.435, -0.0, 0.0, -0.0] 79.605
[0.0, 0.461, -0.464, -0.0, 0.0, -0.0] 62.996
[0.0, 0.482, -0.493, 0.0, 0.0, -0.0] 62.377
[0.0, 0.492, -0.522, 0.0, 0.0, -0.0] 62.696
[0.0, 0.496, -0.551, 0.0, 0.0, -0.0] 77.949
[0.0, 0.498, -0.579, 0.0, 0.0, -0.0] 62.887
[0.0, 0.499, -0.608, 0.0, 0.0, 0.0] 64.124
[0.0, 0.5, -0.637, 0.0, 0.0, -0.0] 63.014
[0.0, 0.5, -0.666, 0.0, 0.0, -0.0] 94.583
[0.0, 0.5, -0.695, 0.0, 0.0, -0.0] 63.703
[0.0, 0.5, -0.723, 0.0, 0.0, -0.0] 63.787
[0.0, 0.5, -0.752, 0.0, 0.0, 0.0] 62.255
[0.0, 0.5, -0.781, 0.0, 0.0, 0.0] 63.559
[0.0, 0.5, -0.81, 0.0, 0.0, 0.0] 79.207
[0.0, 0.5, -0.839, 0.0, 0.0, 0.0] 62.896
[0.0, 0.5, -0.867, 0.0, 0.0, 0.0] 63.368
[0.0, 0.5, -0.896, 0.0, 0.0, 0.0] 64.049
[0.0, 0.5, -0.925, 0.0, 0.0, 0.0] 79.85
[0.0, 0.5, -0.954, 0.0, 0.0, 0.0] 63.773
[0.0, 0.5, -0.983, 0.0, 0.0, 0.0] 63.616
[0.0, 0.5, -1.011, 0.0, 0.0, 0.0] 62.542
[0.0, 0.5, -1.04, -0.0, 0.0, 0.0] 79.818
[0.0, 0.5, -1.069, 0.0, 0.0, 0.0] 79.823
[0.0, 0.5, -1.098, -0.0, 0.0, 0.0] 63.032
[0.0, 0.5, -1.127, 0.0, 0.0, 0.0] 63.641
[0.0, 0.5, -1.155, 0.0, 0.0, 0.0] 63.521
[0.0, 0.5, -1.184, 0.0, 0.0, 0.0] 78.29
[0.0, 0.5, -1.213, 0.0, 0.0, 0.0] 63.993
[0.0, 0.5, -1.233, 0.0, 0.0, 0.0] 63.048
[0.0, 0.5, -1.242, 0.0, 0.0, 0.0] 79.931
[0.029, 0.471, -1.213, 0.0, 0.0, -0.004] 64.713
[0.058, 0.442, -1.184, 0.0, 0.0, -0.006] 62.859
[0.086, 0.414, -1.156, 0.0, 0.0, -0.006] 62.463
[0.115, 0.385, -1.127, 0.0, 0.0, -0.007] 63.372
[0.144, 0.356, -1.098, 0.0, 0.0, -0.007] 78.726
[0.173, 0.327, -1.069, 0.0, 0.0, -0.007] 78.79
[0.202, 0.298, -1.041, 0.0, 0.0, -0.007] 63.974
[0.23, 0.27, -1.012, 0.0, 0.0, -0.007] 62.632
[0.259, 0.241, -0.983, 0.0, 0.0, -0.007] 62.67
[0.288, 0.212, -0.954, 0.0, 0.0, -0.007] 79.811
[0.317, 0.183, -0.925, 0.0, 0.0, -0.007] 63.738
[0.346, 0.154, -0.897, 0.0, 0.0, -0.007] 63.158
[0.374, 0.126, -0.868, 0.0, 0.0, -0.007] 63.161
[0.403, 0.097, -0.839, 0.0, 0.0, -0.007] 78.686
[0.432, 0.068, -0.81, 0.0, 0.0, -0.007] 80.211
[0.461, 0.039, -0.781, 0.0, -0.0, -0.007] 64.123
[0.49, 0.01, -0.753, 0.0, 0.0, -0.007] 63.961
[0.518, -0.018, -0.724, 0.0, 0.0, -0.007] 62.806
[0.547, -0.047, -0.695, 0.0, 0.0, -0.007] 78.053
[0.576, -0.076, -0.666, 0.0, 0.0, -0.007] 63.956
[0.605, -0.105, -0.637, 0.0, 0.0, -0.007] 48.112
[0.634, -0.134, -0.609, 0.0, 0.0, -0.007] 79.831
[0.662, -0.162, -0.58, 0.0, -0.0, -0.007] 80.274
[0.691, -0.191, -0.551, 0.0, -0.0, -0.007] 79.446
[0.72, -0.218, -0.522, 0.0, -0.0, -0.007] 63.131
[0.749, -0.232, -0.493, 0.0, -0.0, -0.007] 64.344
[0.778, -0.238, -0.465, 0.0, -0.0, -0.007] 63.929
[0.806, -0.241, -0.436, 0.0, -0.0, -0.007] 79.223
[0.835, -0.243, -0.407, 0.0, -0.0, -0.007] 63.499
[0.864, -0.243, -0.378, -0.0, -0.0, -0.007] 64.48
[0.893, -0.244, -0.349, -0.0, -0.0, -0.007] 80.053
[0.922, -0.244, -0.321, -0.0, -0.0, -0.007] 63.829
[0.95, -0.244, -0.292, -0.0, -0.0, -0.007] 64.231
[0.974, -0.244, -0.263, -0.0, -0.0, -0.007] 64.553
[0.985, -0.244, -0.234, -0.0, 0.0, -0.007] 63.997
[0.991, -0.244, -0.205, -0.0, -0.0, -0.007] 78.965
[0.993, -0.244, -0.177, -0.0, -0.0, -0.007] 64.588
[0.994, -0.244, -0.148, -0.0, -0.0, -0.007] 62.619
[0.995, -0.244, -0.119, -0.0, -0.0, -0.007] 63.884
[0.995, -0.244, -0.09, -0.0, -0.0, -0.007] 78.453
[0.995, -0.244, -0.061, -0.0, -0.0, -0.007] 79.616
[0.995, -0.244, -0.033, -0.0, -0.0, -0.007] 62.91
[0.995, -0.244, -0.004, -0.0, -0.0, -0.007] 62.886
[0.995, -0.244, 0.025, -0.0, -0.0, -0.007] 56.533
[0.995, -0.244, 0.054, -0.0, -0.0, -0.007] 80.004
[0.995, -0.244, 0.083, -0.0, -0.0, -0.007] 59.457
[0.995, -0.244, 0.111, -0.0, -0.0, -0.007] 58.167
[0.995, -0.244, 0.14, -0.0, -0.0, -0.007] 63.702
[0.995, -0.244, 0.169, -0.0, -0.0, -0.007] 79.906
[0.995, -0.244, 0.198, -0.0, -0.0, -0.007] 64.523
[0.995, -0.244, 0.227, -0.0, -0.0, -0.007] 63.841
[0.995, -0.244, 0.255, -0.0, -0.0, -0.007] 63.676
[0.995, -0.244, 0.284, -0.0, -0.0, -0.007] 80.194
[0.995, -0.244, 0.313, 0.0, -0.0, -0.007] 63.902
[0.995, -0.244, 0.342, 0.0, -0.0, -0.007] 64.171
[0.995, -0.244, 0.371, 0.0, -0.0, -0.007] 63.66
[0.995, -0.244, 0.399, 0.0, -0.0, -0.007] 80.302
[0.995, -0.244, 0.428, 0.0, -0.0, -0.007] 64.138
[0.995, -0.244, 0.457, 0.0, -0.0, -0.007] 63.362
[0.995, -0.244, 0.486, 0.0, -0.0, -0.007] 63.971
[0.995, -0.244, 0.515, 0.0, -0.0, -0.007] 79.893
[0.995, -0.244, 0.543, 0.0, -0.0, -0.007] 64.385
[0.995, -0.244, 0.572, 0.0, -0.0, -0.007] 64.258
[0.995, -0.244, 0.601, 0.0, -0.0, -0.007] 64.223
[0.995, -0.244, 0.63, 0.0, -0.0, -0.007] 80.251
[0.995, -0.244, 0.659, 0.0, -0.0, -0.007] 63.736
[0.995, -0.244, 0.687, 0.0, -0.0, -0.007] 63.629
[0.995, -0.244, 0.716, 0.0, -0.0, -0.007] 64.112
[0.995, -0.244, 0.745, 0.0, -0.0, -0.007] 79.742
[0.995, -0.244, 0.774, 0.0, -0.0, -0.007] 62.885
[0.995, -0.244, 0.803, 0.0, -0.0, -0.007] 60.802
[0.995, -0.244, 0.831, 0.0, -0.0, -0.007] 59.074
[0.995, -0.244, 0.86, 0.0, -0.0, -0.007] 62.126
[0.995, -0.244, 0.889, 0.0, -0.0, -0.007] 92.309
[0.995, -0.244, 0.918, 0.0, -0.0, -0.007] 52.994
[0.995, -0.244, 0.947, -0.0, -0.0, -0.007] 62.9
[0.995, -0.244, 0.973, -0.0, -0.0, -0.007] 79.36
[0.995, -0.244, 0.988, -0.0, -0.0, -0.007] 63.824
[0.995, -0.244, 0.994, -0.0, -0.0, -0.007] 64.343
[0.966, -0.273, 0.966, -0.029, -0.029, -0.002] 58.303
[0.937, -0.302, 0.937, -0.058, -0.058, 0.001] 84.991
[0.909, -0.33, 0.908, -0.086, -0.086, 0.002] 62.412
[0.88, -0.359, 0.879, -0.115, -0.115, 0.003] 64.129
[0.851, -0.388, 0.85, -0.144, -0.144, 0.003] 61.865
[0.822, -0.417, 0.822, -0.173, -0.173, 0.003] 66.275
[0.793, -0.446, 0.793, -0.202, -0.202, 0.003] 96.124
[0.765, -0.474, 0.764, -0.23, -0.23, 0.003] 79.467
[0.736, -0.503, 0.735, -0.259, -0.259, 0.003] 64.066
[0.707, -0.532, 0.706, -0.288, -0.288, 0.003] 63.734
[0.678, -0.561, 0.688, -0.317, -0.317, 0.003] 63.771
[0.649, -0.578, 0.68, -0.346, -0.346, 0.003] 73.005
[0.621, -0.585, 0.676, -0.374, -0.374, 0.003] 70.545
[0.592, -0.589, 0.675, -0.403, -0.403, 0.003] 63.463
[0.563, -0.591, 0.674, -0.432, -0.432, 0.003] 63.512
[0.534, -0.591, 0.673, -0.461, -0.461, 0.003] 62.577
[0.505, -0.592, 0.673, -0.49, -0.49, 0.003] 81.825
[0.477, -0.592, 0.673, -0.518, -0.518, 0.003] 64.216
[0.448, -0.592, 0.673, -0.547, -0.547, 0.003] 63.396
[0.419, -0.592, 0.673, -0.576, -0.576, 0.003] 63.822
[0.39, -0.592, 0.673, -0.605, -0.605, 0.003] 76.256
[0.361, -0.592, 0.673, -0.634, -0.634, 0.003] 58.989
[0.333, -0.592, 0.673, -0.662, -0.662, 0.003] 62.754
[0.304, -0.592, 0.673, -0.691, -0.691, 0.003] 61.968
[0.275, -0.592, 0.673, -0.72, -0.72, 0.003] 63.061
[0.246, -0.592, 0.673, -0.749, -0.749, 0.003] 78.246
[0.217, -0.592, 0.673, -0.778, -0.778, 0.003] 71.1
[0.189, -0.592, 0.673, -0.806, -0.806, 0.003] 63.857
[0.16, -0.592, 0.673, -0.835, -0.835, 0.003] 63.894
[0.131, -0.592, 0.673, -0.864, -0.864, 0.003] 56.329
[0.112, -0.592, 0.673, -0.893, -0.893, 0.003] 59.793
[0.103, -0.592, 0.673, -0.922, -0.922, 0.003] 60.13
[0.099, -0.592, 0.673, -0.95, -0.95, 0.003] 79.77
[0.098, -0.592, 0.673, -0.979, -0.979, 0.003] 63.42
[0.097, -0.592, 0.673, -1.008, -1.008, 0.003] 63.718
[0.096, -0.592, 0.673, -1.037, -1.037, 0.003] 57.891
[0.096, -0.592, 0.673, -1.066, -1.066, 0.003] 68.123
[0.096, -0.592, 0.673, -1.094, -1.094, 0.003] 79.337
[0.096, -0.592, 0.673, -1.123, -1.123, 0.003] 57.857
[0.096, -0.592, 0.673, -1.152, -1.152, 0.003] 69.695
[0.096, -0.592, 0.673, -1.181, -1.181, 0.003] 60.349
[0.096, -0.592, 0.673, -1.21, -1.21, 0.003] 59.86
[0.096, -0.592, 0.673, -1.238, -1.238, 0.003] 87.714
[0.096, -0.592, 0.673, -1.267, -1.267, 0.003] 48.153
[0.096, -0.592, 0.673, -1.296, -1.296, 0.003] 63.935
[0.096, -0.592, 0.673, -1.325, -1.325, 0.003] 96.125
[0.096, -0.592, 0.673, -1.354, -1.354, 0.003] 79.851
[0.096, -0.592, 0.673, -1.382, -1.382, 0.003] 63.118
[0.096, -0.592, 0.673, -1.411, -1.411, 0.003] 63.994
[0.096, -0.592, 0.673, -1.44, -1.44, 0.003] 78.928
[0.096, -0.592, 0.673, -1.469, -1.469, 0.003] 64.367
[0.096, -0.592, 0.673, -1.498, -1.485, 0.003] 63.714
[0.096, -0.592, 0.673, -1.526, -1.493, 0.003] 64.161
[0.096, -0.592, 0.673, -1.555, -1.496, 0.003] 65.04
[0.096, -0.592, 0.673, -1.584, -1.498, 0.003] 78.681
[0.096, -0.592, 0.673, -1.613, -1.498, 0.003] 63.855
[0.096, -0.592, 0.673, -1.642, -1.499, 0.003] 64.19
[0.096, -0.592, 0.673, -1.67, -1.499, 0.003] 64.421
[0.096, -0.592, 0.673, -1.699, -1.499, 0.003] 96.046
[0.096, -0.592, 0.673, -1.72, -1.499, 0.003] 63.676
[0.096, -0.592, 0.673, -1.73, -1.499, 0.003] 63.671
[0.067, -0.563, 0.644, -1.701, -1.47, 0.003] 63.552
[0.038, -0.534, 0.615, -1.672, -1.441, 0.003] 63.937
[0.018, -0.506, 0.587, -1.643, -1.413, 0.003] 80.2
[0.008, -0.477, 0.558, -1.615, -1.384, 0.003] 80.219
[0.004, -0.448, 0.529, -1.586, -1.355, 0.003] 63.291
[0.002, -0.419, 0.5, -1.557, -1.326, 0.003] 63.308
[0.001, -0.39, 0.471, -1.528, -1.297, 0.003] 63.751
[0.0, -0.362, 0.443, -1.499, -1.269, 0.003] 95.795
[0.0, -0.333, 0.414, -1.471, -1.24, 0.003] 63.814
[0.0, -0.304, 0.385, -1.442, -1.211, 0.003] 64.518
[0.0, -0.275, 0.356, -1.413, -1.182, 0.003] 63.925
[0.0, -0.246, 0.327, -1.384, -1.153, 0.003] 63.708
[0.0, -0.218, 0.299, -1.355, -1.125, 0.003] 79.912
[0.0, -0.189, 0.27, -1.327, -1.096, 0.003] 64.742
[0.0, -0.16, 0.241, -1.298, -1.067, 0.003] 63.61
[0.0, -0.131, 0.212, -1.269, -1.038, 0.003] 80.161
[0.0, -0.102, 0.183, -1.24, -1.009, 0.003] 63.682
[0.0, -0.074, 0.155, -1.211, -0.981, 0.003] 64.085
[0.0, -0.045, 0.126, -1.183, -0.952, 0.003] 63.386
[0.0, -0.016, 0.097, -1.154, -0.923, 0.003] 63.57
[0.0, 0.013, 0.068, -1.125, -0.894, 0.003] 79.352
[0.0, 0.042, 0.039, -1.096, -0.865, 0.003] 63.819
[0.0, 0.07, 0.011, -1.067, -0.837, 0.003] 64.351
[0.0, 0.099, -0.018, -1.039, -0.808, 0.003] 63.44
[0.0, 0.128, -0.047, -1.01, -0.779, 0.003] 64.211
[0.0, 0.157, -0.076, -0.981, -0.75, 0.003] 80.131
[0.0, 0.186, -0.104, -0.952, -0.721, 0.003] 79.458
[0.0, 0.214, -0.133, -0.923, -0.693, 0.003] 64.228
[0.0, 0.243, -0.162, -0.895, -0.664, 0.003] 64.153
[0.0, 0.272, -0.191, -0.866, -0.635, 0.003] 63.559
[0.0, 0.301, -0.22, -0.837, -0.606, 0.003] 64.48
[0.0, 0.33, -0.248, -0.808, -0.577, 0.003] 72.014
[0.0, 0.358, -0.277, -0.779, -0.549, 0.003] 80.203
[0.0, 0.387, -0.306, -0.751, -0.52, 0.003] 61.323
[0.0, 0.416, -0.335, -0.722, -0.491, 0.003] 58.537
[0.0, 0.445, -0.364, -0.693, -0.462, 0.003] 62.032
[0.0, 0.472, -0.392, -0.664, -0.434, 0.003] 78.294
[0.0, 0.487, -0.421, -0.635, -0.405, 0.003] 63.288
[0.0, 0.494, -0.45, -0.607, -0.376, 0.003] 62.58
[0.0, 0.497, -0.479, -0.578, -0.347, 0.003] 62.482
[0.0, 0.499, -0.508, -0.549, -0.318, 0.003] 84.674
[0.0, 0.499, -0.536, -0.52, -0.29, 0.003] 62.51
[0.0, 0.5, -0.565, -0.491, -0.261, 0.003] 64.029
[0.0, 0.5, -0.594, -0.463, -0.232, 0.003] 54.975
[0.0, 0.5, -0.623, -0.434, -0.203, 0.003] 88.811
[0.0, 0.5, -0.652, -0.405, -0.174, 0.003] 64.156
[0.0, 0.5, -0.68, -0.376, -0.146, 0.003] 63.584
[0.0, 0.5, -0.709, -0.347, -0.117, 0.003] 47.441
[0.0, 0.5, -0.738, -0.319, -0.088, 0.003] 78.325
[0.0, 0.5, -0.767, -0.29, -0.059, 0.003] 79.434
[0.0, 0.5, -0.796, -0.261, -0.031, 0.003] 78.965
[0.0, 0.5, -0.824, -0.232, -0.016, 0.003] 64.306
[0.0, 0.5, -0.853, -0.203, -0.009, 0.003] 63.347
[0.0, 0.5, -0.882, -0.175, -0.006, 0.003] 63.904
[0.0, 0.5, -0.911, -0.146, -0.004, 0.003] 62.816
[0.0, 0.5, -0.94, -0.117, -0.004, 0.003] 80.168
[0.0, 0.5, -0.968, -0.088, -0.003, 0.003] 63.97
[0.0, 0.5, -0.997, -0.059, -0.003, 0.003] 55.713
[0.0, 0.5, -1.026, -0.031, -0.003, 0.003] 60.283
[0.0, 0.5, -1.055, -0.014, -0.003, 0.003] 64.761
[0.0, 0.5, -1.084, -0.007, -0.003, 0.003] 75.041
[0.0, 0.5, -1.112, -0.003, -0.003, 0.003] 62.603
[0.0, 0.5, -1.141, -0.001, -0.003, 0.003] 63.21
[0.0, 0.5, -1.17, -0.001, -0.003, 0.003] 64.145
[0.0, 0.5, -1.199, -0.0, -0.003, 0.003] 78.815
[0.0, 0.5, -1.225, -0.0, -0.003, 0.003] 60.97
[0.0, 0.5, -1.238, -0.0, -0.003, 0.003] 65.089
[0.0, 0.5, -1.245, -0.0, -0.003, 0.003] 60.233
[0.0, 0.471, -1.216, -0.0, -0.001, 0.001] 79.99
[0.0, 0.442, -1.187, 0.0, -0.001, 0.001] 59.691
[0.0, 0.414, -1.158, 0.0, -0.0, 0.0] 65.369
[0.0, 0.385, -1.129, 0.0, -0.0, 0.0] 60.201
[0.0, 0.356, -1.101, 0.0, -0.0, 0.0] 79.775
[0.0, 0.327, -1.072, -0.0, -0.0, 0.0] 74.772
[0.0, 0.298, -1.043, 0.0, -0.0, 0.0] 65.045
[0.0, 0.27, -1.014, -0.0, -0.0, 0.0] 74.071
[0.0, 0.241, -0.985, -0.0, -0.0, 0.0] 56.049
[0.0, 0.212, -0.957, 0.0, -0.0, 0.0] 70.905
[0.0, 0.183, -0.928, 0.0, -0.0, -0.0] 64.011
[0.0, 0.154, -0.899, 0.0, -0.0, -0.0] 63.606
[0.0, 0.126, -0.87, 0.0, -0.0, -0.0] 62.838
[0.0, 0.097, -0.842, 0.0, -0.0, 0.0] 63.492
[0.0, 0.068, -0.813, 0.0, -0.0, -0.0] 80.425
[0.0, 0.039, -0.784, 0.0, -0.0, 0.0] 65.034
[0.0, 0.018, -0.755, 0.0, -0.0, -0.0] 61.47
[0.0, 0.008, -0.726, 0.0, -0.0, 0.0] 63.899
[0.0, 0.004, -0.698, 0.0, -0.0, 0.0] 79.971
[0.0, 0.002, -0.669, 0.0, -0.0, -0.0] 64.273
[0.0, 0.001, -0.64, 0.0, -0.0, -0.0] 63.459
[0.0, 0.0, -0.611, 0.0, -0.0, 0.0] 63.405
[0.0, 0.0, -0.582, 0.0, -0.0, -0.0] 78.979
[0.0, 0.0, -0.554, 0.0, -0.0, -0.0] 80.306
[0.0, 0.0, -0.525, 0.0, -0.0, -0.0] 64.463
[0.0, 0.0, -0.496, 0.0, -0.0, -0.0] 63.145
[0.0, 0.0, -0.467, 0.0, -0.0, -0.0] 65.196
[0.0, 0.0, -0.438, 0.0, -0.0, -0.0] 63.021
[0.0, 0.0, -0.41, 0.0, -0.0, -0.0] 79.54
[0.0, 0.0, -0.381, 0.0, -0.0, -0.0] 78.592
[0.0, -0.0, -0.352, 0.0, -0.0, -0.0] 64.054
[0.0, -0.0, -0.323, 0.0, -0.0, -0.0] 55.81
[0.0, -0.0, -0.294, 0.0, -0.0, -0.0] 72.166
[0.0, -0.0, -0.266, 0.0, -0.0, -0.0] 79.993
[0.0, -0.0, -0.237, 0.0, -0.0, -0.0] 67.922
[0.0, -0.0, -0.208, 0.0, -0.0, -0.0] 60.266
[0.0, -0.0, -0.179, 0.0, -0.0, -0.0] 59.904
[0.0, -0.0, -0.15, 0.0, -0.0, -0.0] 83.591
[0.0, -0.0, -0.122, 0.0, -0.0, -0.0] 56.382
[0.0, -0.0, -0.093, 0.0, -0.0, -0.0] 64.877
[0.0, -0.0, -0.064, -0.0, -0.0, -0.0] 65.128
[0.0, -0.0, -0.035, -0.0, -0.0, -0.0] 59.826
[0.0, -0.0, -0.016, -0.0, -0.0, -0.0] 73.225
[0.0, -0.0, -0.008, -0.0, -0.0, -0.0] 63.915
