[0.004, -0.0, 0.0, -0.0, -0.0, -0.0] 74.427
[0.033, 0.029, 0.029, 0.029, -0.029, -0.0] 61.341
[0.062, 0.058, 0.058, 0.058, -0.058, -0.0] 62.616
[0.091, 0.086, 0.086, 0.086, -0.086, 0.0] 63.013
[0.119, 0.115, 0.115, 0.115, -0.115, 0.0] 77.977
[0.148, 0.144, 0.144, 0.144, -0.144, 0.0] 76.543
[0.177, 0.173, 0.173, 0.173, -0.173, 0.0] 62.819
[0.206, 0.202, 0.202, 0.202, -0.202, 0.0] 62.967
[0.235, 0.23, 0.23, 0.23, -0.23, 0.0] 60.831
[0.263, 0.259, 0.259, 0.259, -0.259, -0.0] 61.151
[0.292, 0.288, 0.288, 0.288, -0.288, -0.0] 80.716
[0.321, 0.317, 0.317, 0.317, -0.317, -0.0] 61.613
[0.35, 0.346, 0.346, 0.346, -0.346, -0.0] 63.703
[0.379, 0.374, 0.374, 0.374, -0.374, 0.0] 61.776
[0.407, 0.403, 0.403, 0.403, -0.403, 0.0] 78.894
[0.436, 0.432, 0.432, 0.432, -0.432, 0.0] 61.08
[0.465, 0.461, 0.461, 0.461, -0.461, 0.0] 64.124
[0.494, 0.482, 0.482, 0.49, -0.49, -0.0] 61.799
[0.523, 0.492, 0.492, 0.518, -0.518, -0.0] 78.5
[0.551, 0.496, 0.496, 0.547, -0.547, -0.0] 57.359
[0.58, 0.498, 0.498, 0.576, -0.576, 0.0] 61.891
[0.609, 0.499, 0.499, 0.605, -0.605, 0.0] 64.9
[0.638, 0.5, 0.5, 0.634, -0.634, 0.0] 78.477
[0.667, 0.5, 0.5, 0.662, -0.662, 0.0] 79.002
[0.695, 0.5, 0.5, 0.691, -0.691, -0.0] 62.804
[0.724, 0.5, 0.5, 0.72, -0.72, -0.0] 60.847
[0.753, 0.5, 0.5, 0.749, -0.749, 0.0] 62.13
[0.782, 0.5, 0.5, 0.778, -0.778, 0.0] 75.93
[0.811, 0.5, 0.5, 0.806, -0.806, 0.0] 62.19
[0.839, 0.5, 0.5, 0.835, -0.835, -0.0] 61.569
[0.868, 0.5, 0.5, 0.864, -0.864, -0.0] 89.428
[0.897, 0.5, 0.5, 0.893, -0.893, 0.0] 66.786
[0.926, 0.5, 0.5, 0.922, -0.922, 0.0] 76.291
[0.954, 0.5, 0.5, 0.95, -0.95, 0.0] 60.052
[0.983, 0.5, 0.5, 0.979, -0.979, -0.0] 63.016
[1.012, 0.5, 0.5, 1.008, -1.008, -0.0] 61.762
[1.041, 0.5, 0.5, 1.037, -1.037, 0.0] 61.391
[1.07, 0.5, 0.5, 1.066, -1.066, 0.0] 61.05
[1.098, 0.5, 0.5, 1.094, -1.094, 0.0] 62.89
[1.127, 0.5, 0.5, 1.123, -1.123, -0.0] 62.719
[1.156, 0.5, 0.5, 1.152, -1.152, -0.0] 77.671
[1.185, 0.5, 0.5, 1.181, -1.181, 0.0] 62.361
[1.214, 0.5, 0.5, 1.21, -1.21, 0.0] 56.664
[1.242, 0.5, 0.5, 1.238, -1.238, 0.0] 66.45
[1.271, 0.5, 0.5, 1.267, -1.267, -0.0] 77.233
[1.3, 0.5, 0.5, 1.296, -1.296, -0.0] 61.584
[1.329, 0.5, 0.5, 1.325, -1.325, 0.0] 62.286
[1.358, 0.5, 0.5, 1.354, -1.354, 0.0] 62.003
[1.386, 0.5, 0.5, 1.382, -1.382, 0.0] 78.091
[1.415, 0.5, 0.5, 1.411, -1.411, -0.0] 60.742
[1.444, 0.5, 0.5, 1.44, -1.44, -0.0] 62.466
[1.473, 0.5, 0.5, 1.469, -1.469, -0.0] 61.558
[1.502, 0.5, 0.5, 1.498, -1.486, 0.0] 77.792
[1.53, 0.5, 0.5, 1.526, -1.493, 0.0] 78.156
[1.559, 0.5, 0.5, 1.555, -1.497, 0.0] 62.545
[1.588, 0.5, 0.5, 1.584, -1.499, 0.0] 64.429
[1.617, 0.5, 0.5, 1.613, -1.499, -0.0] 62.498
[1.646, 0.5, 0.5, 1.642, -1.5, -0.0] 75.686
[1.674, 0.5, 0.5, 1.67, -1.5, -0.0] 62.193
[1.703, 0.5, 0.5, 1.699, -1.5, 0.0] 62.581
[1.732, 0.5, 0.5, 1.728, -1.5, 0.0] 81.56
[1.761, 0.5, 0.5, 1.757, -1.5, 0.0] 73.497
[1.79, 0.5, 0.5, 1.78, -1.5, 0.0] 61.052
[1.818, 0.5, 0.5, 1.791, -1.5, 0.0] 62.314
[1.847, 0.5, 0.5, 1.796, -1.5, 0.0] 61.695
[1.876, 0.5, 0.5, 1.798, -1.5, -0.0] 62.809
[1.905, 0.5, 0.5, 1.799, -1.5, 0.0] 61.861
[1.934, 0.5, 0.5, 1.8, -1.5, 0.0] 78.13
[1.962, 0.5, 0.5, 1.8, -1.5, 0.0] 78.303
[1.991, 0.5, 0.5, 1.8, -1.5, -0.0] 62.798
[2.02, 0.5, 0.5, 1.8, -1.5, -0.0] 62.141
[2.049, 0.5, 0.5, 1.8, -1.5, 0.0] 60.244
[2.078, 0.5, 0.5, 1.8, -1.5, 0.0] 78.441
[2.106, 0.5, 0.5, 1.8, -1.5, 0.0] 61.426
[2.135, 0.5, 0.5, 1.8, -1.5, 0.0] 61.819
[2.164, 0.5, 0.5, 1.8, -1.5, -0.0] 63.001
[2.193, 0.5, 0.5, 1.8, -1.5, -0.0] 76.042
[2.222, 0.5, 0.5, 1.8, -1.5, 0.0] 63.191
[2.25, 0.5, 0.5, 1.8, -1.5, 0.0] 62.764
[2.279, 0.5, 0.5, 1.8, -1.5, 0.0] 60.802
[2.308, 0.5, 0.5, 1.8, -1.5, -0.0] 75.858
[2.337, 0.5, 0.5, 1.8, -1.5, -0.0] 79.286
[2.366, 0.5, 0.5, 1.8, -1.5, -0.0] 63.095
[2.394, 0.5, 0.5, 1.8, -1.5, 0.0] 60.966
[2.423, 0.5, 0.5, 1.8, -1.5, 0.0] 63.351
[2.452, 0.5, 0.5, 1.8, -1.5, 0.0] 77.657
[2.477, 0.5, 0.5, 1.8, -1.5, -0.0] 62.153
[2.489, 0.5, 0.5, 1.8, -1.5, 0.0] 62.03
[2.495, 0.5, 0.5, 1.8, -1.5, 0.0] 78.012
[2.466, 0.471, 0.471, 1.771, -1.471, 0.029] 59.941
[2.438, 0.442, 0.442, 1.742, -1.442, 0.058] 64.823
[2.409, 0.414, 0.414, 1.714, -1.414, 0.086] 61.543
[2.38, 0.385, 0.385, 1.685, -1.385, 0.115] 63.696
[2.351, 0.356, 0.356, 1.656, -1.356, 0.144] 76.118
[2.322, 0.327, 0.327, 1.627, -1.327, 0.173] 77.72
[2.294, 0.298, 0.298, 1.598, -1.298, 0.202] 62.903
[2.265, 0.27, 0.27, 1.57, -1.27, 0.23] 62.781
[2.236, 0.241, 0.241, 1.541, -1.241, 0.259] 62.162
[2.207, 0.212, 0.212, 1.512, -1.212, 0.288] 76.909
[2.178, 0.183, 0.183, 1.483, -1.183, 0.317] 62.105
[2.15, 0.154, 0.154, 1.454, -1.154, 0.346] 78.194
[2.121, 0.126, 0.126, 1.426, -1.126, 0.374] 76.251
[2.092, 0.097, 0.097, 1.397, -1.097, 0.403] 60.368
[2.063, 0.068, 0.068, 1.368, -1.068, 0.432] 66.871
[2.034, 0.039, 0.039, 1.339, -1.039, 0.461] 49.169
[2.006, 0.01, 0.01, 1.31, -1.01, 0.49] 64.857
[1.977, -0.018, -0.018, 1.282, -0.982, 0.518] 68.606
[1.948, -0.047, -0.047, 1.253, -0.953, 0.547] 66.312
[1.919, -0.076, -0.076, 1.224, -0.924, 0.576] 48.636
[1.89, -0.105, -0.105, 1.195, -0.895, 0.605] 73.934
[1.862, -0.134, -0.134, 1.166, -0.866, 0.634] 62.847
[1.833, -0.162, -0.162, 1.138, -0.838, 0.662] 61.035
[1.804, -0.191, -0.183, 1.109, -0.809, 0.691] 62.154
[1.775, -0.22, -0.192, 1.08, -0.78, 0.72] 74.527
[1.746, -0.249, -0.196, 1.051, -0.764, 0.749] 65.135
[1.718, -0.278, -0.198, 1.022, -0.756, 0.778] 60.257
[1.689, -0.306, -0.199, 0.994, -0.753, 0.806] 73.91
[1.66, -0.335, -0.2, 0.965, -0.751, 0.835] 68.153
[1.631, -0.364, -0.2, 0.936, -0.751, 0.864] 61.108
[1.602, -0.393, -0.2, 0.907, -0.75, 0.893] 60.4
[1.574, -0.422, -0.2, 0.878, -0.75, 0.922] 62.594
[1.545, -0.45, -0.2, 0.85, -0.75, 0.95] 61.696
[1.516, -0.476, -0.2, 0.821, -0.75, 0.979] 77.607
[1.487, -0.489, -0.2, 0.792, -0.75, 1.008] 62.354
[1.458, -0.495, -0.2, 0.763, -0.75, 1.037] 62.075
[1.43, -0.498, -0.2, 0.734, -0.75, 1.066] 61.288
[1.401, -0.499, -0.2, 0.706, -0.75, 1.094] 79.702
[1.372, -0.499, -0.2, 0.677, -0.75, 1.123] 73.894
[1.343, -0.5, -0.2, 0.648, -0.75, 1.152] 49.873
[1.314, -0.5, -0.2, 0.619, -0.75, 1.181] 63.197
[1.286, -0.5, -0.2, 0.59, -0.75, 1.21] 78.271
[1.257, -0.5, -0.2, 0.562, -0.75, 1.238] 59.976
[1.228, -0.5, -0.2, 0.533, -0.75, 1.267] 64.54
[1.199, -0.5, -0.2, 0.504, -0.75, 1.296] 61.311
[1.17, -0.5, -0.2, 0.475, -0.75, 1.325] 79.35
[1.142, -0.5, -0.2, 0.446, -0.75, 1.354] 62.737
[1.113, -0.5, -0.2, 0.418, -0.75, 1.382] 61.063
[1.084, -0.5, -0.2, 0.389, -0.75, 1.411] 61.84
[1.055, -0.5, -0.2, 0.36, -0.75, 1.44] 62.671
[1.026, -0.5, -0.2, 0.331, -0.75, 1.469] 96.079
[0.998, -0.5, -0.2, 0.302, -0.75, 1.498] 66.159
[0.969, -0.5, -0.2, 0.274, -0.75, 1.526] 68.776
[0.94, -0.5, -0.2, 0.245, -0.75, 1.555] 61.688
[0.911, -0.5, -0.2, 0.216, -0.75, 1.584] 60.806
[0.882, -0.5, -0.2, 0.187, -0.75, 1.613] 63.481
[0.854, -0.5, -0.2, 0.158, -0.75, 1.642] 60.295
[0.825, -0.5, -0.2, 0.13, -0.75, 1.67] 61.209
[0.796, -0.5, -0.2, 0.101, -0.75, 1.699] 77.94
[0.767, -0.5, -0.2, 0.072, -0.75, 1.728] 61.864
[0.738, -0.5, -0.2, 0.043, -0.75, 1.757] 63.068
[0.71, -0.5, -0.2, 0.02, -0.75, 1.786] 60.952
[0.681, -0.5, -0.2, 0.009, -0.75, 1.814] 74.334
[0.652, -0.5, -0.2, 0.004, -0.75, 1.843] 64.168
[0.623, -0.5, -0.2, 0.002, -0.75, 1.872] 62.281
[0.594, -0.5, -0.2, 0.001, -0.75, 1.901] 61.005
[0.566, -0.5, -0.2, 0.0, -0.75, 1.93] 77.51
[0.537, -0.5, -0.2, 0.0, -0.75, 1.958] 64.766
[0.508, -0.5, -0.2, 0.0, -0.75, 1.987] 73.08
[0.479, -0.5, -0.2, 0.0, -0.75, 2.016] 48.876
[0.45, -0.5, -0.2, 0.0, -0.75, 2.045] 61.71
[0.422, -0.5, -0.2, 0.0, -0.75, 2.074] 76.777
[0.393, -0.5, -0.2, 0.0, -0.75, 2.102] 93.527
[0.364, -0.5, -0.2, 0.0, -0.75, 2.131] 59.08
[0.335, -0.5, -0.2, -0.0, -0.75, 2.16] 61.975
[0.306, -0.5, -0.2, 0.0, -0.75, 2.189] 61.994
[0.278, -0.5, -0.2, -0.0, -0.75, 2.218] 60.756
[0.249, -0.5, -0.2, -0.0, -0.75, 2.246] 79.137
[0.22, -0.5, -0.2, 0.0, -0.75, 2.273] 61.909
[0.191, -0.5, -0.2, 0.0, -0.75, 2.288] 55.309
[0.162, -0.5, -0.2, 0.0, -0.75, 2.294] 69.705
[0.134, -0.5, -0.2, 0.0, -0.75, 2.297] 62.402
[0.105, -0.5, -0.2, 0.0, -0.75, 2.299] 76.532
[0.076, -0.5, -0.2, 0.0, -0.75, 2.299] 78.171
[0.047, -0.5, -0.2, 0.0, -0.75, 2.3] 76.403
[0.018, -0.5, -0.2, 0.0, -0.75, 2.3] 61.743
[-0.01, -0.5, -0.2, 0.0, -0.75, 2.3] 64.992
[-0.039, -0.5, -0.2, 0.0, -0.75, 2.3] 58.623
[-0.068, -0.5, -0.2, 0.0, -0.75, 2.3] 58.925
[-0.097, -0.5, -0.2, 0.0, -0.75, 2.3] 65.14
[-0.126, -0.5, -0.2, 0.0, -0.75, 2.3] 78.359
[-0.154, -0.5, -0.2, 0.0, -0.75, 2.3] 61.506
[-0.183, -0.5, -0.2, 0.0, -0.75, 2.3] 62.5
[-0.212, -0.5, -0.2, 0.0, -0.75, 2.3] 62.595
[-0.241, -0.5, -0.2, 0.0, -0.75, 2.3] 61.376
[-0.27, -0.5, -0.2, 0.0, -0.75, 2.3] 92.768
[-0.298, -0.5, -0.2, 0.0, -0.75, 2.3] 63.748
[-0.327, -0.5, -0.2, 0.0, -0.75, 2.3] 74.244
[-0.356, -0.5, -0.2, 0.0, -0.75, 2.3] 61.956
[-0.385, -0.5, -0.2, -0.0, -0.75, 2.3] 60.94
[-0.414, -0.5, -0.2, -0.0, -0.75, 2.3] 58.566
[-0.442, -0.5, -0.2, -0.0, -0.75, 2.3] 66.705
[-0.471, -0.5, -0.2, -0.0, -0.75, 2.3] 77.081
[-0.5, -0.5, -0.2, -0.0, -0.75, 2.3] 72.835
[-0.529, -0.5, -0.2, -0.0, -0.75, 2.3] 67.252
[-0.558, -0.5, -0.2, -0.0, -0.75, 2.3] 55.026
[-0.586, -0.5, -0.2, -0.0, -0.75, 2.3] 70.277
[-0.615, -0.5, -0.2, -0.0, -0.75, 2.3] 63.365
[-0.644, -0.5, -0.2, -0.0, -0.75, 2.3] 52.578
[-0.673, -0.5, -0.2, -0.0, -0.75, 2.3] 67.329
[-0.702, -0.5, -0.2, -0.0, -0.75, 2.3] 89.023
[-0.73, -0.5, -0.2, -0.0, -0.75, 2.3] 68.804
[-0.759, -0.5, -0.2, -0.0, -0.75, 2.3] 59.567
[-0.788, -0.5, -0.2, -0.0, -0.75, 2.3] 68.07
[-0.817, -0.5, -0.2, -0.0, -0.75, 2.3] 73.632
[-0.846, -0.5, -0.2, -0.0, -0.75, 2.3] 60.213
[-0.874, -0.5, -0.2, -0.0, -0.75, 2.3] 68.53
[-0.903, -0.5, -0.2, -0.0, -0.75, 2.3] 63.426
[-0.932, -0.5, -0.2, -0.0, -0.75, 2.3] 63.984
[-0.961, -0.5, -0.2, -0.0, -0.75, 2.3] 52.707
[-0.99, -0.5, -0.2, -0.0, -0.75, 2.3] 82.07
[-1.018, -0.5, -0.2, -0.0, -0.75, 2.3] 377.579
[-1.047, -0.5, -0.2, -0.0, -0.75, 2.3] 60.861
[-1.076, -0.5, -0.2, -0.0, -0.75, 2.3] 61.859
[-1.105, -0.5, -0.2, -0.0, -0.75, 2.3] 78.13
[-1.134, -0.5, -0.2, 0.0, -0.75, 2.3] 77.392
[-1.162, -0.5, -0.2, 0.0, -0.75, 2.3] 62.236
[-1.191, -0.5, -0.2, 0.0, -0.75, 2.3] 60.338
[-1.22, -0.5, -0.2, 0.0, -0.75, 2.3] 62.881
[-1.249, -0.5, -0.2, 0.0, -0.75, 2.3] 76.06
[-1.275, -0.5, -0.2, 0.0, -0.75, 2.3] 64.851
[-1.288, -0.5, -0.2, 0.0, -0.75, 2.3] 62.565
[-1.295, -0.5, -0.2, 0.0, -0.75, 2.3] 59.275
[-1.266, -0.471, -0.229, 0.0, -0.721, 2.3] 68.012
[-1.237, -0.442, -0.258, 0.0, -0.692, 2.3] 73.226
[-1.208, -0.414, -0.286, 0.0, -0.664, 2.3] 77.409
[-1.179, -0.385, -0.315, 0.0, -0.635, 2.3] 76.718
[-1.151, -0.356, -0.344, 0.0, -0.606, 2.3] 721.467
[-1.122, -0.327, -0.373, 0.0, -0.577, 2.3] 63.742
[-1.093, -0.298, -0.402, 0.0, -0.548, 2.3] 62.367
[-1.064, -0.27, -0.43, 0.0, -0.52, 2.3] 61.152
[-1.035, -0.241, -0.459, 0.0, -0.491, 2.3] 64.291
[-1.016, -0.212, -0.488, 0.0, -0.462, 2.3] 77.071
[-1.008, -0.183, -0.517, 0.0, -0.433, 2.3] 76.888
[-1.004, -0.154, -0.546, 0.0, -0.405, 2.3] 64.647
[-1.002, -0.126, -0.574, -0.0, -0.376, 2.3] 60.365
[-1.001, -0.097, -0.603, -0.0, -0.347, 2.3] 65.22
[-1.0, -0.068, -0.632, -0.0, -0.318, 2.3] 75.506
[-1.0, -0.039, -0.661, -0.0, -0.289, 2.3] 63.993
[-1.0, -0.01, -0.69, -0.0, -0.261, 2.3] 62.966
[-1.0, 0.018, -0.718, -0.0, -0.232, 2.3] 61.164
[-1.0, 0.047, -0.747, -0.0, -0.203, 2.3] 61.433
[-1.0, 0.076, -0.776, -0.0, -0.174, 2.3] 79.258
[-1.0, 0.105, -0.805, -0.0, -0.145, 2.3] 61.529
[-1.0, 0.134, -0.834, -0.0, -0.117, 2.3] 64.248
[-1.0, 0.162, -0.862, -0.0, -0.088, 2.3] 75.916
[-1.0, 0.183, -0.891, -0.0, -0.059, 2.3] 79.548
[-1.0, 0.192, -0.92, -0.0, -0.03, 2.3] 68.01
[-1.0, 0.196, -0.949, -0.0, -0.001, 2.3] 60.873
[-1.0, 0.198, -0.978, -0.0, 0.027, 2.3] 68.093
[-1.0, 0.199, -1.006, -0.0, 0.056, 2.3] 77.223
[-1.0, 0.2, -1.035, -0.0, 0.085, 2.3] 62.679
[-1.0, 0.2, -1.064, -0.0, 0.114, 2.3] 60.919
[-1.0, 0.2, -1.093, -0.0, 0.143, 2.3] 61.568
[-1.0, 0.2, -1.122, 0.0, 0.171, 2.3] 78.815
[-1.0, 0.2, -1.15, 0.0, 0.2, 2.3] 62.871
[-1.0, 0.2, -1.176, 0.0, 0.229, 2.3] 61.759
[-1.0, 0.2, -1.189, 0.0, 0.258, 2.3] 62.456
[-1.0, 0.2, -1.195, 0.0, 0.287, 2.3] 76.733
[-1.0, 0.2, -1.198, 0.0, 0.315, 2.3] 61.162
[-1.0, 0.2, -1.199, 0.0, 0.344, 2.3] 62.403
[-1.0, 0.2, -1.199, 0.0, 0.373, 2.3] 61.524
[-1.0, 0.2, -1.2, 0.0, 0.402, 2.3] 77.925
[-1.0, 0.2, -1.2, 0.0, 0.431, 2.3] 61.325
[-1.0, 0.2, -1.2, 0.0, 0.459, 2.3] 62.592
[-1.0, 0.2, -1.2, 0.0, 0.488, 2.3] 74.985
[-1.0, 0.2, -1.2, 0.0, 0.517, 2.3] 62.809
[-1.0, 0.2, -1.2, 0.0, 0.546, 2.3] 79.213
[-1.0, 0.2, -1.2, 0.0, 0.575, 2.3] 74.819
[-1.0, 0.2, -1.2, 0.0, 0.603, 2.3] 49.593
[-1.0, 0.2, -1.2, 0.0, 0.632, 2.3] 76.412
[-1.0, 0.2, -1.2, 0.0, 0.661, 2.3] 63.106
[-1.0, 0.2, -1.2, 0.0, 0.69, 2.3] 72.276
[-1.0, 0.2, -1.2, 0.0, 0.719, 2.3] 65.907
[-1.0, 0.2, -1.2, 0.0, 0.747, 2.3] 60.991
[-1.0, 0.2, -1.2, 0.0, 0.776, 2.3] 61.418
[-1.0, 0.2, -1.2, 0.0, 0.805, 2.3] 58.467
[-1.0, 0.2, -1.2, 0.0, 0.834, 2.3] 59.229
[-1.0, 0.2, -1.2, 0.0, 0.863, 2.3] 60.138
[-1.0, 0.2, -1.2, 0.0, 0.891, 2.3] 81.864
[-1.0, 0.2, -1.2, 0.0, 0.92, 2.3] 67.294
[-1.0, 0.2, -1.2, -0.0, 0.949, 2.3] 61.321
[-1.0, 0.2, -1.2, -0.0, 0.975, 2.3] 59.636
[-1.0, 0.2, -1.2, -0.0, 0.988, 2.3] 74.39
[-1.0, 0.2, -1.2, -0.0, 0.995, 2.3] 67.188
[-0.971, 0.2, -1.171, 0.029, 0.966, 2.271] 63.899
[-0.942, 0.2, -1.142, 0.058, 0.937, 2.242] 63.233
[-0.914, 0.2, -1.114, 0.086, 0.908, 2.214] 61.747
[-0.885, 0.2, -1.085, 0.115, 0.879, 2.185] 79.464
[-0.856, 0.2, -1.056, 0.144, 0.851, 2.156] 61.786
[-0.827, 0.2, -1.027, 0.173, 0.822, 2.127] 62.363
[-0.798, 0.2, -0.998, 0.202, 0.793, 2.098] 61.815
[-0.77, 0.2, -0.97, 0.23, 0.764, 2.07] 91.786
[-0.741, 0.2, -0.941, 0.259, 0.736, 2.041] 62.363
[-0.712, 0.2, -0.912, 0.288, 0.707, 2.012] 62.391
[-0.683, 0.2, -0.883, 0.317, 0.678, 1.983] 62.104
[-0.654, 0.2, -0.854, 0.346, 0.649, 1.954] 61.512
[-0.626, 0.2, -0.826, 0.374, 0.62, 1.926] 78.082
[-0.597, 0.2, -0.797, 0.403, 0.592, 1.897] 76.608
[-0.568, 0.2, -0.768, 0.432, 0.563, 1.868] 62.873
[-0.539, 0.2, -0.739, 0.461, 0.534, 1.839] 61.857
[-0.51, 0.2, -0.71, 0.49, 0.505, 1.81] 63.799
[-0.482, 0.2, -0.682, 0.518, 0.476, 1.782] 62.051
[-0.453, 0.2, -0.653, 0.547, 0.448, 1.753] 93.075
[-0.424, 0.2, -0.624, 0.576, 0.419, 1.724] 63.053
[-0.395, 0.2, -0.595, 0.605, 0.39, 1.695] 62.01
[-0.366, 0.2, -0.566, 0.634, 0.361, 1.666] 61.249
[-0.338, 0.2, -0.538, 0.662, 0.332, 1.638] 77.148
[-0.309, 0.2, -0.509, 0.691, 0.304, 1.609] 76.712
[-0.28, 0.2, -0.48, 0.72, 0.275, 1.58] 60.258
[-0.251, 0.2, -0.451, 0.749, 0.246, 1.551] 64.059
[-0.222, 0.2, -0.422, 0.778, 0.217, 1.522] 62.573
[-0.194, 0.2, -0.394, 0.806, 0.188, 1.494] 61.176
[-0.165, 0.2, -0.365, 0.835, 0.16, 1.465] 69.511
[-0.136, 0.2, -0.336, 0.864, 0.131, 1.436] 97.096
[-0.107, 0.2, -0.307, 0.893, 0.102, 1.407] 60.463
[-0.078, 0.2, -0.278, 0.922, 0.073, 1.378] 59.767
[-0.05, 0.2, -0.25, 0.95, 0.044, 1.35] 68.468
[-0.021, 0.2, -0.221, 0.979, 0.016, 1.321] 59.723
[0.008, 0.2, -0.192, 1.008, -0.013, 1.292] 75.061
[0.037, 0.2, -0.163, 1.037, -0.042, 1.263] 86.909
[0.066, 0.2, -0.134, 1.066, -0.071, 1.234] 62.405
[0.094, 0.2, -0.106, 1.094, -0.1, 1.206] 53.646
[0.123, 0.2, -0.077, 1.123, -0.128, 1.177] 67.74
[0.152, 0.2, -0.048, 1.152, -0.157, 1.148] 74.249
[0.181, 0.2, -0.019, 1.181, -0.186, 1.119] 60.701
[0.21, 0.2, 0.01, 1.209, -0.215, 1.09] 74.992
[0.238, 0.2, 0.038, 1.238, -0.244, 1.062] 50.373
[0.267, 0.2, 0.067, 1.267, -0.272, 1.033] 67.828
[0.285, 0.2, 0.096, 1.296, -0.301, 1.004] 75.937
[0.293, 0.2, 0.125, 1.325, -0.33, 0.975] 66.108
[0.297, 0.2, 0.154, 1.353, -0.359, 0.946] 60.971
[0.298, 0.2, 0.182, 1.382, -0.388, 0.918] 76.935
[0.299, 0.2, 0.211, 1.411, -0.416, 0.889] 63.12
[0.3, 0.2, 0.24, 1.44, -0.445, 0.86] 61.232
[0.3, 0.2, 0.269, 1.469, -0.474, 0.831] 61.562
[0.3, 0.2, 0.298, 1.497, -0.503, 0.802] 60.467
[0.3, 0.2, 0.326, 1.526, -0.532, 0.774] 79.783
[0.3, 0.2, 0.355, 1.555, -0.56, 0.745] 62.942
[0.3, 0.2, 0.384, 1.584, -0.589, 0.716] 62.734
[0.3, 0.2, 0.413, 1.613, -0.618, 0.687] 61.795
[0.3, 0.2, 0.442, 1.641, -0.647, 0.658] 76.767
[0.3, 0.2, 0.47, 1.67, -0.676, 0.63] 61.556
[0.3, 0.2, 0.499, 1.699, -0.704, 0.601] 62.093
[0.3, 0.2, 0.528, 1.728, -0.733, 0.572] 76.946
[0.3, 0.2, 0.557, 1.757, -0.762, 0.543] 62.674
[0.3, 0.2, 0.586, 1.785, -0.791, 0.515] 76.54
[0.3, 0.2, 0.614, 1.814, -0.82, 0.486] 66.335
[0.3, 0.2, 0.643, 1.843, -0.848, 0.457] 76.053
[0.3, 0.2, 0.672, 1.871, -0.877, 0.428] 62.729
[0.3, 0.2, 0.701, 1.887, -0.906, 0.399] 47.628
[0.3, 0.2, 0.73, 1.894, -0.935, 0.371] 61.089
[0.3, 0.2, 0.758, 1.897, -0.964, 0.342] 108.496
[0.3, 0.2, 0.787, 1.899, -0.992, 0.313] 51.553
[0.3, 0.2, 0.816, 1.899, -1.021, 0.284] 39.877
[0.3, 0.2, 0.845, 1.9, -1.05, 0.255] 64.352
[0.3, 0.2, 0.874, 1.9, -1.079, 0.227] 74.562
[0.3, 0.2, 0.902, 1.9, -1.108, 0.198] 66.095
[0.3, 0.2, 0.931, 1.9, -1.136, 0.169] 50.525
[0.3, 0.2, 0.96, 1.9, -1.165, 0.14] 61.689
[0.3, 0.2, 0.989, 1.9, -1.194, 0.111] 67.659
[0.3, 0.2, 1.018, 1.9, -1.223, 0.083] 69.29
[0.3, 0.2, 1.046, 1.9, -1.252, 0.054] 61.904
[0.3, 0.2, 1.075, 1.9, -1.28, 0.027] 62.02
[0.3, 0.2, 1.104, 1.9, -1.309, 0.012] 75.867
[0.3, 0.2, 1.133, 1.9, -1.338, 0.006] 65.122
[0.3, 0.2, 1.162, 1.9, -1.367, 0.003] 61.224
[0.3, 0.2, 1.182, 1.9, -1.385, 0.001] 61.88
[0.3, 0.2, 1.192, 1.9, -1.393, 0.001] 62.114
[0.329, 0.171, 1.163, 1.871, -1.364, 0.029] 61.908
[0.358, 0.142, 1.134, 1.842, -1.335, 0.058] 56.225
[0.386, 0.114, 1.105, 1.814, -1.316, 0.087] 67.678
[0.415, 0.085, 1.077, 1.785, -1.308, 0.116] 88.895
[0.444, 0.056, 1.048, 1.756, -1.303, 0.145] 61.105
[0.473, 0.027, 1.019, 1.727, -1.302, 0.173] 62.38
[0.502, -0.002, 0.99, 1.698, -1.301, 0.202] 63.078
[0.53, -0.03, 0.961, 1.67, -1.3, 0.231] 68.198
[0.559, -0.059, 0.933, 1.641, -1.3, 0.26] 73.103
[0.588, -0.088, 0.904, 1.612, -1.3, 0.289] 61.195
[0.617, -0.117, 0.875, 1.583, -1.3, 0.317] 61.902
[0.646, -0.146, 0.846, 1.554, -1.3, 0.346] 73.82
[0.674, -0.174, 0.817, 1.526, -1.3, 0.375] 64.131
[0.703, -0.203, 0.789, 1.497, -1.3, 0.404] 63.101
[0.732, -0.232, 0.76, 1.468, -1.3, 0.433] 62.127
[0.761, -0.261, 0.731, 1.439, -1.3, 0.461] 59.566
[0.79, -0.282, 0.702, 1.41, -1.3, 0.49] 55.44
[0.818, -0.292, 0.673, 1.382, -1.3, 0.519] 93.774
[0.847, -0.296, 0.645, 1.353, -1.3, 0.548] 58.116
[0.876, -0.298, 0.616, 1.324, -1.3, 0.577] 76.863
[0.905, -0.299, 0.587, 1.295, -1.3, 0.605] 63.921
[0.934, -0.3, 0.558, 1.266, -1.3, 0.634] 64.228
[0.962, -0.3, 0.53, 1.238, -1.3, 0.663] 66.571
[0.991, -0.3, 0.514, 1.209, -1.3, 0.692] 60.805
[1.02, -0.3, 0.506, 1.18, -1.3, 0.721] 60.88
[1.049, -0.3, 0.503, 1.151, -1.3, 0.749] 59.424
[1.078, -0.3, 0.501, 1.122, -1.3, 0.778] 66.415
[1.106, -0.3, 0.501, 1.094, -1.3, 0.807] 75.223
[1.135, -0.3, 0.5, 1.065, -1.3, 0.836] 73.819
[1.164, -0.3, 0.5, 1.036, -1.3, 0.865] 63.143
[1.193, -0.3, 0.5, 1.007, -1.3, 0.893] 50.675
[1.222, -0.3, 0.5, 0.978, -1.3, 0.922] 74.327
[1.25, -0.3, 0.5, 0.95, -1.3, 0.951] 61.72
[1.279, -0.3, 0.5, 0.921, -1.3, 0.976] 51.359
[1.308, -0.3, 0.5, 0.892, -1.3, 0.989] 67.122
[1.337, -0.3, 0.5, 0.863, -1.3, 0.995] 61.259
[1.366, -0.3, 0.5, 0.834, -1.3, 0.998] 101.848
[1.394, -0.3, 0.5, 0.806, -1.3, 0.999] 61.654
[1.423, -0.3, 0.5, 0.777, -1.3, 1.0] 63.094
[1.452, -0.3, 0.5, 0.748, -1.3, 1.0] 59.094
[1.481, -0.3, 0.5, 0.719, -1.3, 1.0] 73.111
[1.51, -0.3, 0.5, 0.691, -1.3, 1.0] 61.38
[1.538, -0.3, 0.5, 0.662, -1.3, 1.0] 69.262
[1.567, -0.3, 0.5, 0.633, -1.3, 1.0] 58.229
[1.596, -0.3, 0.5, 0.604, -1.3, 1.0] 65.9
[1.625, -0.3, 0.5, 0.575, -1.3, 1.0] 62.854
[1.654, -0.3, 0.5, 0.547, -1.3, 1.0] 61.314
[1.682, -0.3, 0.5, 0.518, -1.3, 1.0] 77.684
[1.711, -0.3, 0.5, 0.489, -1.3, 1.0] 61.286
[1.74, -0.3, 0.5, 0.46, -1.3, 1.0] 61.474
[1.769, -0.3, 0.5, 0.431, -1.3, 1.0] 59.489
[1.798, -0.3, 0.5, 0.403, -1.3, 1.0] 97.181
[1.826, -0.3, 0.5, 0.374, -1.3, 1.0] 61.625
[1.855, -0.3, 0.5, 0.345, -1.3, 1.0] 62.643
[1.884, -0.3, 0.5, 0.316, -1.3, 1.0] 62.123
[1.913, -0.3, 0.5, 0.287, -1.3, 1.0] 63.772
[1.942, -0.3, 0.5, 0.259, -1.3, 1.0] 77.263
[1.97, -0.3, 0.5, 0.23, -1.3, 1.0] 76.374
[1.986, -0.3, 0.5, 0.201, -1.3, 1.0] 60.136
[1.994, -0.3, 0.5, 0.172, -1.3, 1.0] 64.224
[1.997, -0.3, 0.5, 0.143, -1.3, 1.0] 62.188
[1.999, -0.3, 0.5, 0.115, -1.3, 1.0] 78.961
[1.999, -0.3, 0.5, 0.086, -1.3, 1.0] 62.215
[2.0, -0.3, 0.5, 0.057, -1.3, 1.0] 61.348
[2.0, -0.3, 0.5, 0.028, -1.3, 1.0] 68.736
[2.0, -0.3, 0.5, -0.001, -1.3, 1.0] 61.047
[2.0, -0.3, 0.5, -0.029, -1.3, 1.0] 56.569
[2.0, -0.3, 0.5, -0.058, -1.3, 1.0] 94.114
[2.0, -0.3, 0.5, -0.087, -1.3, 1.0] 122.852
[2.0, -0.3, 0.5, -0.116, -1.3, 1.0] 55.694
[2.0, -0.3, 0.5, -0.145, -1.3, 1.0] 60.405
[2.0, -0.3, 0.5, -0.173, -1.3, 1.0] 60.409
[2.0, -0.3, 0.5, -0.202, -1.3, 1.0] 77.185
[2.0, -0.3, 0.5, -0.231, -1.3, 1.0] 64.53
[2.0, -0.3, 0.5, -0.26, -1.3, 1.0] 60.731
[2.0, -0.3, 0.5, -0.289, -1.3, 1.0] 67.383
[2.0, -0.3, 0.5, -0.317, -1.3, 1.0] 66.167
[2.0, -0.3, 0.5, -0.346, -1.3, 1.0] 61.934
[2.0, -0.3, 0.5, -0.375, -1.3, 1.0] 74.548
[2.0, -0.3, 0.5, -0.404, -1.3, 1.0] 62.777
[2.0, -0.3, 0.5, -0.433, -1.3, 1.0] 56.366
[2.0, -0.3, 0.5, -0.461, -1.3, 1.0] 67.669
[2.0, -0.3, 0.5, -0.49, -1.3, 1.0] 82.119
[2.0, -0.3, 0.5, -0.519, -1.3, 1.0] 53.383
[2.0, -0.3, 0.5, -0.548, -1.3, 1.0] 68.66
[2.0, -0.3, 0.5, -0.577, -1.3, 1.0] 61.056
[2.0, -0.3, 0.5, -0.605, -1.3, 1.0] 77.145
[2.0, -0.3, 0.5, -0.634, -1.3, 1.0] 63.004
[2.0, -0.3, 0.5, -0.663, -1.3, 1.0] 60.243
[2.0, -0.3, 0.5, -0.692, -1.3, 1.0] 64.298
[2.0, -0.3, 0.5, -0.721, -1.3, 1.0] 62.235
[2.0, -0.3, 0.5, -0.749, -1.3, 1.0] 75.857
[2.0, -0.3, 0.5, -0.778, -1.3, 1.0] 80.467
[2.0, -0.3, 0.5, -0.807, -1.3, 1.0] 61.776
[2.0, -0.3, 0.5, -0.836, -1.3, 1.0] 61.178
[2.0, -0.3, 0.5, -0.865, -1.3, 1.0] 62.962
[2.0, -0.3, 0.5, -0.893, -1.3, 1.0] 78.011
[2.0, -0.3, 0.5, -0.922, -1.3, 1.0] 59.438
[2.0, -0.3, 0.5, -0.951, -1.3, 1.0] 65.045
[2.0, -0.3, 0.5, -0.98, -1.3, 1.0] 64.839
[2.0, -0.3, 0.5, -1.009, -1.3, 1.0] 74.363
[2.0, -0.3, 0.5, -1.037, -1.3, 1.0] 62.293
[2.0, -0.3, 0.5, -1.066, -1.3, 1.0] 61.364
[2.0, -0.3, 0.5, -1.095, -1.3, 1.0] 62.518
[2.0, -0.3, 0.5, -1.124, -1.3, 1.0] 79.775
[2.0, -0.3, 0.5, -1.153, -1.3, 1.0] 61.471
[2.0, -0.3, 0.5, -1.181, -1.3, 1.0] 64.891
[2.0, -0.3, 0.5, -1.21, -1.3, 1.0] 61.226
[2.0, -0.3, 0.5, -1.239, -1.3, 1.0] 61.778
[2.0, -0.3, 0.5, -1.268, -1.3, 1.0] 84.127
[2.0, -0.3, 0.5, -1.297, -1.3, 1.0] 69.976
[2.0, -0.3, 0.5, -1.325, -1.3, 1.0] 57.025
[2.0, -0.3, 0.5, -1.354, -1.3, 1.0] 67.651
[2.0, -0.3, 0.5, -1.383, -1.3, 1.0] 77.104
[2.0, -0.3, 0.5, -1.412, -1.3, 1.0] 63.151
[2.0, -0.3, 0.5, -1.441, -1.3, 1.0] 61.379
[2.0, -0.3, 0.5, -1.469, -1.3, 1.0] 61.999
[2.0, -0.3, 0.5, -1.498, -1.3, 1.0] 94.415
[2.0, -0.3, 0.5, -1.527, -1.3, 1.0] 61.254
[2.0, -0.3, 0.5, -1.556, -1.3, 1.0] 62.23
[2.0, -0.3, 0.5, -1.585, -1.3, 1.0] 62.734
[2.0, -0.3, 0.5, -1.613, -1.3, 1.0] 57.429
[2.0, -0.3, 0.5, -1.642, -1.3, 1.0] 73.482
[2.0, -0.3, 0.5, -1.671, -1.3, 1.0] 69.0
[2.0, -0.3, 0.5, -1.7, -1.3, 1.0] 60.153
[2.0, -0.3, 0.5, -1.726, -1.3, 1.0] 63.36
[2.0, -0.3, 0.5, -1.739, -1.3, 1.0] 78.062
[2.0, -0.3, 0.5, -1.745, -1.3, 1.0] 63.467
[1.971, -0.271, 0.471, -1.716, -1.271, 0.971] 62.511
[1.942, -0.242, 0.442, -1.687, -1.242, 0.942] 77.497
[1.914, -0.214, 0.414, -1.658, -1.214, 0.914] 61.442
[1.885, -0.185, 0.385, -1.63, -1.185, 0.885] 61.506
[1.856, -0.156, 0.356, -1.601, -1.156, 0.856] 61.128
[1.827, -0.127, 0.327, -1.572, -1.127, 0.827] 61.845
[1.798, -0.098, 0.298, -1.543, -1.098, 0.798] 119.33
[1.77, -0.07, 0.27, -1.514, -1.07, 0.77] 216.057
[1.741, -0.041, 0.241, -1.486, -1.041, 0.741] 193.395
[1.712, -0.019, 0.212, -1.457, -1.012, 0.712] 62.725
[1.683, -0.009, 0.183, -1.428, -0.983, 0.683] 136.777
[1.654, -0.004, 0.154, -1.399, -0.954, 0.654] 118.098
[1.626, -0.002, 0.126, -1.37, -0.926, 0.626] 40.037
[1.597, -0.001, 0.097, -1.342, -0.897, 0.597] 38.43
[1.568, -0.0, 0.068, -1.313, -0.868, 0.568] 53.02
[1.539, -0.0, 0.039, -1.284, -0.839, 0.539] 63.363
[1.51, -0.0, 0.018, -1.255, -0.81, 0.51] 63.627
[1.482, -0.0, 0.008, -1.226, -0.782, 0.482] 63.538
[1.453, -0.0, 0.004, -1.198, -0.753, 0.453] 47.842
[1.424, -0.0, 0.002, -1.169, -0.724, 0.424] 64.413
[1.395, -0.0, 0.001, -1.14, -0.695, 0.395] 95.753
[1.366, -0.0, 0.0, -1.111, -0.666, 0.366] 62.148
[1.338, 0.0, 0.0, -1.082, -0.638, 0.338] 64.098
[1.309, 0.0, 0.0, -1.054, -0.609, 0.309] 63.279
[1.28, -0.0, 0.0, -1.025, -0.58, 0.28] 62.635
[1.251, 0.0, 0.0, -0.996, -0.551, 0.251] 79.463
[1.222, -0.0, 0.0, -0.967, -0.522, 0.222] 70.423
[1.194, -0.0, 0.0, -0.938, -0.494, 0.194] 73.122
[1.165, -0.0, 0.0, -0.91, -0.465, 0.165] 56.645
[1.136, -0.0, 0.0, -0.881, -0.436, 0.136] 60.345
[1.107, -0.0, -0.0, -0.852, -0.407, 0.107] 79.899
[1.078, -0.0, 0.0, -0.823, -0.378, 0.078] 58.003
[1.05, -0.0, 0.0, -0.794, -0.35, 0.05] 63.591
[1.021, -0.0, 0.0, -0.766, -0.321, 0.024] 63.208
[0.992, -0.0, 0.0, -0.737, -0.292, 0.011] 79.174
[0.963, -0.0, 0.0, -0.708, -0.263, 0.005] 63.729
[0.934, -0.0, 0.0, -0.679, -0.234, 0.002] 63.952
[0.906, -0.0, 0.0, -0.65, -0.206, 0.001] 64.109
[0.877, -0.0, 0.0, -0.622, -0.177, 0.001] 74.34
[0.848, -0.0, 0.0, -0.593, -0.148, 0.0] 79.764
[0.819, -0.0, 0.0, -0.564, -0.119, 0.0] 59.973
[0.79, -0.0, 0.0, -0.535, -0.09, 0.0] 73.354
[0.762, -0.0, 0.0, -0.506, -0.062, 0.0] 63.637
[0.733, -0.0, 0.0, -0.478, -0.033, 0.0] 64.21
[0.704, -0.0, 0.0, -0.449, -0.015, 0.0] 63.639
[0.675, -0.0, 0.0, -0.42, -0.007, 0.0] 79.236
[0.646, -0.0, 0.0, -0.391, -0.003, -0.0] 63.819
[0.618, -0.0, 0.0, -0.362, -0.002, -0.0] 64.85
[0.589, -0.0, 0.0, -0.334, -0.001, 0.0] 63.201
[0.56, -0.0, 0.0, -0.305, -0.0, -0.0] 64.195
[0.531, -0.0, 0.0, -0.276, -0.0, -0.0] 70.058
[0.502, -0.0, 0.0, -0.247, -0.0, 0.0] 73.692
[0.474, -0.0, 0.0, -0.218, -0.0, 0.0] 64.161
[0.445, -0.0, 0.0, -0.19, 0.0, -0.0] 63.461
[0.416, -0.0, 0.0, -0.161, -0.0, 0.0] 63.532
[0.387, -0.0, 0.0, -0.132, 0.0, -0.0] 95.82
[0.358, -0.0, 0.0, -0.103, -0.0, 0.0] 79.407
[0.33, -0.0, 0.0, -0.074, 0.0, 0.0] 63.789
[0.301, -0.0, 0.0, -0.046, 0.0, -0.0] 64.031
[0.272, -0.0, 0.0, -0.021, -0.0, 0.0] 63.252
[0.243, -0.0, 0.0, -0.01, -0.0, 0.0] 63.787
[0.214, -0.0, 0.0, -0.005, 0.0, 0.0] 80.144
[0.186, -0.0, 0.0, -0.002, 0.0, 0.0] 64.904
[0.157, -0.0, 0.0, -0.001, -0.0, -0.0] 63.315
[0.128, -0.0, 0.0, -0.0, -0.0, -0.0] 64.861
[0.099, -0.0, 0.0, -0.0, 0.0, -0.0] 95.058
[0.07, -0.0, 0.0, -0.0, -0.0, -0.0] 64.39
[0.042, -0.0, 0.0, -0.0, -0.0, -0.0] 63.943
[0.019, -0.0, 0.0, -0.0, -0.0, -0.0] 64.158
[0.009, -0.0, 0.0, -0.0, -0.0, -0.0] 64.865
