[-0.0, -0.0, 0.0, -0.0, -0.0, -0.003] 83.494
[0.029, 0.029, 0.029, 0.029, -0.029, -0.001] 60.012
[0.058, 0.058, 0.058, 0.058, -0.058, -0.001] 63.807
[0.086, 0.086, 0.086, 0.086, -0.086, -0.0] 64.314
[0.115, 0.115, 0.115, 0.115, -0.115, -0.0] 72.228
[0.144, 0.144, 0.144, 0.144, -0.144, -0.0] 59.845
[0.173, 0.173, 0.173, 0.173, -0.173, -0.0] 75.167
[0.202, 0.202, 0.202, 0.202, -0.202, -0.0] 54.623
[0.23, 0.23, 0.23, 0.23, -0.23, -0.0] 65.169
[0.259, 0.259, 0.259, 0.259, -0.259, -0.0] 59.9
[0.288, 0.288, 0.288, 0.288, -0.288, -0.0] 59.237
[0.317, 0.317, 0.317, 0.317, -0.317, -0.0] 96.636
[0.346, 0.346, 0.346, 0.346, -0.346, -0.0] 62.461
[0.374, 0.374, 0.374, 0.374, -0.374, 0.0] 63.145
[0.403, 0.403, 0.403, 0.403, -0.403, -0.0] 64.233
[0.432, 0.432, 0.432, 0.432, -0.432, -0.0] 277.958
[0.461, 0.461, 0.461, 0.461, -0.461, 0.0] 62.823
[0.49, 0.482, 0.482, 0.49, -0.49, -0.0] 61.183
[0.518, 0.492, 0.492, 0.518, -0.518, -0.0] 65.768
[0.547, 0.496, 0.496, 0.547, -0.547, 0.0] 71.544
[0.576, 0.498, 0.498, 0.576, -0.576, -0.0] 63.136
[0.605, 0.499, 0.499, 0.605, -0.605, 0.0] 67.294
[0.634, 0.5, 0.5, 0.634, -0.634, 0.0] 59.727
[0.662, 0.5, 0.5, 0.662, -0.662, -0.0] 73.247
[0.691, 0.5, 0.5, 0.691, -0.691, -0.0] 79.127
[0.72, 0.5, 0.5, 0.72, -0.72, 0.0] 47.992
[0.749, 0.5, 0.5, 0.749, -0.749, 0.0] 64.034
[0.778, 0.5, 0.5, 0.778, -0.778, 0.0] 79.073
[0.806, 0.5, 0.5, 0.806, -0.806, -0.0] 63.558
[0.835, 0.5, 0.5, 0.835, -0.835, -0.0] 64.257
[0.864, 0.5, 0.5, 0.864, -0.864, 0.0] 63.825
[0.893, 0.5, 0.5, 0.893, -0.893, 0.0] 79.592
[0.922, 0.5, 0.5, 0.922, -0.922, 0.0] 78.916
[0.95, 0.5, 0.5, 0.95, -0.95, -0.0] 56.804
[0.979, 0.5, 0.5, 0.979, -0.979, -0.0] 71.543
[1.008, 0.5, 0.5, 1.008, -1.008, 0.0] 63.924
[1.037, 0.5, 0.5, 1.037, -1.037, 0.0] 554.066
[1.066, 0.5, 0.5, 1.066, -1.066, 0.0] 75.283
[1.094, 0.5, 0.5, 1.094, -1.094, -0.0] 61.725
[1.123, 0.5, 0.5, 1.123, -1.123, -0.0] 65.114
[1.152, 0.5, 0.5, 1.152, -1.152, 0.0] 63.611
[1.181, 0.5, 0.5, 1.181, -1.181, 0.0] 64.215
[1.21, 0.5, 0.5, 1.21, -1.21, 0.0] 80.171
[1.238, 0.5, 0.5, 1.238, -1.238, -0.0] 61.962
[1.267, 0.5, 0.5, 1.267, -1.267, -0.0] 65.119
[1.296, 0.5, 0.5, 1.296, -1.296, 0.0] 53.105
[1.325, 0.5, 0.5, 1.325, -1.325, 0.0] 73.466
[1.354, 0.5, 0.5, 1.354, -1.354, 0.0] 86.362
[1.382, 0.5, 0.5, 1.382, -1.382, -0.0] 59.735
[1.411, 0.5, 0.5, 1.411, -1.411, -0.0] 60.499
[1.44, 0.5, 0.5, 1.44, -1.44, 0.0] 64.192
[1.469, 0.5, 0.5, 1.469, -1.469, 0.0] 63.42
[1.498, 0.5, 0.5, 1.498, -1.486, 0.0] 79.84
[1.526, 0.5, 0.5, 1.526, -1.493, 0.0] 64.098
[1.555, 0.5, 0.5, 1.555, -1.497, -0.0] 63.885
[1.584, 0.5, 0.5, 1.584, -1.499, -0.0] 64.559
[1.613, 0.5, 0.5, 1.613, -1.499, -0.0] 429.837
[1.642, 0.5, 0.5, 1.642, -1.5, 0.0] 67.491
[1.67, 0.5, 0.5, 1.67, -1.5, 0.0] 63.44
[1.699, 0.5, 0.5, 1.699, -1.5, 0.0] 64.98
[1.728, 0.5, 0.5, 1.728, -1.5, 0.0] 53.889
[1.757, 0.5, 0.5, 1.757, -1.5, 0.0] 73.96
[1.786, 0.5, 0.5, 1.78, -1.5, -0.0] 79.629
[1.814, 0.5, 0.5, 1.791, -1.5, -0.0] 48.2
[1.843, 0.5, 0.5, 1.796, -1.5, 0.0] 64.672
[1.872, 0.5, 0.5, 1.798, -1.5, 0.0] 79.204
[1.901, 0.5, 0.5, 1.799, -1.5, -0.0] 79.56
[1.93, 0.5, 0.5, 1.8, -1.5, 0.0] 63.439
[1.958, 0.5, 0.5, 1.8, -1.5, 0.0] 63.464
[1.987, 0.5, 0.5, 1.8, -1.5, 0.0] 64.251
[2.016, 0.5, 0.5, 1.8, -1.5, -0.0] 79.508
[2.045, 0.5, 0.5, 1.8, -1.5, -0.0] 64.213
[2.074, 0.5, 0.5, 1.8, -1.5, 0.0] 63.461
[2.102, 0.5, 0.5, 1.8, -1.5, 0.0] 63.843
[2.131, 0.5, 0.5, 1.8, -1.5, 0.0] 95.177
[2.16, 0.5, 0.5, 1.8, -1.5, 0.0] 63.773
[2.189, 0.5, 0.5, 1.8, -1.5, -0.0] 63.997
[2.218, 0.5, 0.5, 1.8, -1.5, -0.0] 63.545
[2.246, 0.5, 0.5, 1.8, -1.5, 0.0] 64.554
[2.275, 0.5, 0.5, 1.8, -1.5, 0.0] 79.555
[2.304, 0.5, 0.5, 1.8, -1.5, 0.0] 64.01
[2.333, 0.5, 0.5, 1.8, -1.5, -0.0] 63.856
[2.362, 0.5, 0.5, 1.8, -1.5, -0.0] 64.221
[2.39, 0.5, 0.5, 1.8, -1.5, -0.0] 80.04
[2.419, 0.5, 0.5, 1.8, -1.5, 0.0] 62.551
[2.448, 0.5, 0.5, 1.8, -1.5, 0.0] 63.519
[2.474, 0.5, 0.5, 1.8, -1.5, 0.0] 79.021
[2.488, 0.5, 0.5, 1.8, -1.5, -0.0] 63.519
[2.495, 0.5, 0.5, 1.8, -1.5, 0.0] 62.855
[2.466, 0.471, 0.471, 1.771, -1.471, 0.029] 63.831
[2.437, 0.442, 0.442, 1.742, -1.442, 0.058] 65.193
[2.408, 0.414, 0.414, 1.714, -1.414, 0.086] 79.298
[2.379, 0.385, 0.385, 1.685, -1.385, 0.115] 63.323
[2.351, 0.356, 0.356, 1.656, -1.356, 0.144] 64.158
[2.322, 0.327, 0.327, 1.627, -1.327, 0.173] 63.958
[2.293, 0.298, 0.298, 1.598, -1.298, 0.202] 79.02
[2.264, 0.27, 0.27, 1.57, -1.27, 0.23] 63.739
[2.235, 0.241, 0.241, 1.541, -1.241, 0.259] 63.808
[2.207, 0.212, 0.212, 1.512, -1.212, 0.288] 47.938
[2.178, 0.183, 0.183, 1.483, -1.183, 0.317] 95.949
[2.149, 0.154, 0.154, 1.454, -1.154, 0.346] 80.347
[2.12, 0.126, 0.126, 1.426, -1.126, 0.374] 64.152
[2.091, 0.097, 0.097, 1.397, -1.097, 0.403] 63.619
[2.063, 0.068, 0.068, 1.368, -1.068, 0.432] 63.306
[2.034, 0.039, 0.039, 1.339, -1.039, 0.461] 79.905
[2.005, 0.01, 0.01, 1.31, -1.01, 0.49] 79.818
[1.976, -0.018, -0.018, 1.282, -0.982, 0.518] 63.46
[1.947, -0.047, -0.047, 1.253, -0.953, 0.547] 63.568
[1.919, -0.076, -0.076, 1.224, -0.924, 0.576] 64.131
[1.89, -0.105, -0.105, 1.195, -0.895, 0.605] 80.07
[1.861, -0.134, -0.134, 1.166, -0.866, 0.634] 80.416
[1.832, -0.162, -0.162, 1.138, -0.838, 0.662] 63.433
[1.803, -0.191, -0.183, 1.109, -0.809, 0.691] 63.582
[1.775, -0.22, -0.192, 1.08, -0.78, 0.72] 63.632
[1.746, -0.249, -0.196, 1.051, -0.764, 0.749] 80.104
[1.717, -0.278, -0.198, 1.022, -0.756, 0.778] 63.853
[1.688, -0.306, -0.199, 0.994, -0.753, 0.806] 63.833
[1.659, -0.335, -0.2, 0.965, -0.751, 0.835] 63.222
[1.631, -0.364, -0.2, 0.936, -0.751, 0.864] 80.098
[1.602, -0.393, -0.2, 0.907, -0.75, 0.893] 48.094
[1.573, -0.422, -0.2, 0.878, -0.75, 0.922] 63.891
[1.544, -0.45, -0.2, 0.85, -0.75, 0.95] 95.661
[1.515, -0.476, -0.2, 0.821, -0.75, 0.979] 95.982
[1.487, -0.489, -0.2, 0.792, -0.75, 1.008] 63.684
[1.458, -0.495, -0.2, 0.763, -0.75, 1.037] 64.167
[1.429, -0.498, -0.2, 0.734, -0.75, 1.066] 64.143
[1.4, -0.499, -0.2, 0.706, -0.75, 1.094] 63.793
[1.371, -0.499, -0.2, 0.677, -0.75, 1.123] 80.13
[1.343, -0.5, -0.2, 0.648, -0.75, 1.152] 63.181
[1.314, -0.5, -0.2, 0.619, -0.75, 1.181] 64.129
[1.285, -0.5, -0.2, 0.59, -0.75, 1.21] 64.056
[1.256, -0.5, -0.2, 0.562, -0.75, 1.238] 79.936
[1.227, -0.5, -0.2, 0.533, -0.75, 1.267] 63.997
[1.199, -0.5, -0.2, 0.504, -0.75, 1.296] 64.134
[1.17, -0.5, -0.2, 0.475, -0.75, 1.325] 64.929
[1.141, -0.5, -0.2, 0.446, -0.75, 1.354] 80.085
[1.112, -0.5, -0.2, 0.418, -0.75, 1.382] 63.878
[1.083, -0.5, -0.2, 0.389, -0.75, 1.411] 63.697
[1.055, -0.5, -0.2, 0.36, -0.75, 1.44] 63.661
[1.026, -0.5, -0.2, 0.331, -0.75, 1.469] 63.715
[0.997, -0.5, -0.2, 0.302, -0.75, 1.498] 79.76
[0.968, -0.5, -0.2, 0.274, -0.75, 1.526] 78.658
[0.939, -0.5, -0.2, 0.245, -0.75, 1.555] 64.08
[0.911, -0.5, -0.2, 0.216, -0.75, 1.584] 62.683
[0.882, -0.5, -0.2, 0.187, -0.75, 1.613] 79.601
[0.853, -0.5, -0.2, 0.158, -0.75, 1.642] 62.144
[0.824, -0.5, -0.2, 0.13, -0.75, 1.67] 64.057
[0.795, -0.5, -0.2, 0.101, -0.75, 1.699] 63.758
[0.767, -0.5, -0.2, 0.072, -0.75, 1.728] 60.027
[0.738, -0.5, -0.2, 0.043, -0.75, 1.757] 83.339
[0.709, -0.5, -0.2, 0.02, -0.75, 1.786] 56.647
[0.68, -0.5, -0.2, 0.009, -0.75, 1.814] 60.451
[0.651, -0.5, -0.2, 0.004, -0.75, 1.843] 73.047
[0.623, -0.5, -0.2, 0.002, -0.75, 1.872] 66.575
[0.594, -0.5, -0.2, 0.001, -0.75, 1.901] 61.105
[0.565, -0.5, -0.2, 0.0, -0.75, 1.93] 63.84
[0.536, -0.5, -0.2, 0.0, -0.75, 1.958] 76.222
[0.507, -0.5, -0.2, 0.0, -0.75, 1.987] 66.255
[0.479, -0.5, -0.2, 0.0, -0.75, 2.016] 63.556
[0.45, -0.5, -0.2, 0.0, -0.75, 2.045] 63.973
[0.421, -0.5, -0.2, 0.0, -0.75, 2.074] 63.028
[0.392, -0.5, -0.2, 0.0, -0.75, 2.102] 72.172
[0.363, -0.5, -0.2, 0.0, -0.75, 2.131] 72.098
[0.335, -0.5, -0.2, -0.0, -0.75, 2.16] 63.39
[0.306, -0.5, -0.2, 0.0, -0.75, 2.189] 64.154
[0.277, -0.5, -0.2, -0.0, -0.75, 2.218] 63.604
[0.248, -0.5, -0.2, -0.0, -0.75, 2.246] 64.377
[0.219, -0.5, -0.2, 0.0, -0.75, 2.273] 95.753
[0.191, -0.5, -0.2, 0.0, -0.75, 2.288] 64.737
[0.162, -0.5, -0.2, 0.0, -0.75, 2.294] 63.721
[0.133, -0.5, -0.2, 0.0, -0.75, 2.297] 64.21
[0.104, -0.5, -0.2, 0.0, -0.75, 2.299] 73.731
[0.075, -0.5, -0.2, 0.0, -0.75, 2.299] 60.111
[0.047, -0.5, -0.2, 0.0, -0.75, 2.3] 74.529
[0.018, -0.5, -0.2, 0.0, -0.75, 2.3] 62.911
[-0.011, -0.5, -0.2, 0.0, -0.75, 2.3] 62.761
[-0.04, -0.5, -0.2, 0.0, -0.75, 2.3] 49.966
[-0.069, -0.5, -0.2, 0.0, -0.75, 2.3] 69.552
[-0.097, -0.5, -0.2, 0.0, -0.75, 2.3] 55.066
[-0.126, -0.5, -0.2, 0.0, -0.75, 2.3] 96.249
[-0.155, -0.5, -0.2, 0.0, -0.75, 2.3] 64.646
[-0.184, -0.5, -0.2, 0.0, -0.75, 2.3] 64.134
[-0.213, -0.5, -0.2, 0.0, -0.75, 2.3] 63.547
[-0.241, -0.5, -0.2, 0.0, -0.75, 2.3] 96.525
[-0.27, -0.5, -0.2, 0.0, -0.75, 2.3] 61.683
[-0.299, -0.5, -0.2, 0.0, -0.75, 2.3] 64.155
[-0.328, -0.5, -0.2, 0.0, -0.75, 2.3] 64.127
[-0.357, -0.5, -0.2, 0.0, -0.75, 2.3] 63.666
[-0.385, -0.5, -0.2, -0.0, -0.75, 2.3] 96.165
[-0.414, -0.5, -0.2, -0.0, -0.75, 2.3] 62.348
[-0.443, -0.5, -0.2, -0.0, -0.75, 2.3] 64.164
[-0.472, -0.5, -0.2, -0.0, -0.75, 2.3] 63.751
[-0.501, -0.5, -0.2, -0.0, -0.75, 2.3] 63.714
[-0.529, -0.5, -0.2, -0.0, -0.75, 2.3] 80.573
[-0.558, -0.5, -0.2, -0.0, -0.75, 2.3] 64.11
[-0.587, -0.5, -0.2, -0.0, -0.75, 2.3] 64.635
[-0.616, -0.5, -0.2, -0.0, -0.75, 2.3] 63.656
[-0.645, -0.5, -0.2, -0.0, -0.75, 2.3] 79.624
[-0.673, -0.5, -0.2, -0.0, -0.75, 2.3] 63.68
[-0.702, -0.5, -0.2, -0.0, -0.75, 2.3] 63.73
[-0.731, -0.5, -0.2, -0.0, -0.75, 2.3] 79.953
[-0.76, -0.5, -0.2, -0.0, -0.75, 2.3] 63.612
[-0.789, -0.5, -0.2, -0.0, -0.75, 2.3] 62.989
[-0.817, -0.5, -0.2, -0.0, -0.75, 2.3] 58.502
[-0.846, -0.5, -0.2, -0.0, -0.75, 2.3] 65.153
[-0.875, -0.5, -0.2, -0.0, -0.75, 2.3] 79.724
[-0.904, -0.5, -0.2, -0.0, -0.75, 2.3] 63.835
[-0.933, -0.5, -0.2, -0.0, -0.75, 2.3] 63.685
[-0.961, -0.5, -0.2, -0.0, -0.75, 2.3] 63.692
[-0.99, -0.5, -0.2, -0.0, -0.75, 2.3] 78.233
[-1.019, -0.5, -0.2, -0.0, -0.75, 2.3] 64.032
[-1.048, -0.5, -0.2, -0.0, -0.75, 2.3] 63.963
[-1.077, -0.5, -0.2, -0.0, -0.75, 2.3] 64.066
[-1.105, -0.5, -0.2, -0.0, -0.75, 2.3] 79.861
[-1.134, -0.5, -0.2, 0.0, -0.75, 2.3] 48.076
[-1.163, -0.5, -0.2, 0.0, -0.75, 2.3] 64.159
[-1.192, -0.5, -0.2, 0.0, -0.75, 2.3] 95.756
[-1.221, -0.5, -0.2, 0.0, -0.75, 2.3] 95.652
[-1.249, -0.5, -0.2, 0.0, -0.75, 2.3] 62.997
[-1.275, -0.5, -0.2, 0.0, -0.75, 2.3] 64.073
[-1.289, -0.5, -0.2, 0.0, -0.75, 2.3] 64.017
[-1.295, -0.5, -0.2, 0.0, -0.75, 2.3] 64.028
[-1.266, -0.471, -0.229, 0.0, -0.721, 2.3] 79.388
[-1.237, -0.442, -0.258, 0.0, -0.692, 2.3] 78.869
[-1.208, -0.414, -0.286, 0.0, -0.664, 2.3] 63.801
[-1.18, -0.385, -0.315, 0.0, -0.635, 2.3] 64.181
[-1.151, -0.356, -0.344, 0.0, -0.606, 2.3] 78.74
[-1.122, -0.327, -0.373, 0.0, -0.577, 2.3] 63.61
[-1.093, -0.298, -0.402, 0.0, -0.548, 2.3] 63.301
[-1.064, -0.27, -0.43, 0.0, -0.52, 2.3] 64.298
[-1.036, -0.241, -0.459, 0.0, -0.491, 2.3] 63.42
[-1.016, -0.212, -0.488, 0.0, -0.462, 2.3] 79.47
[-1.008, -0.183, -0.517, 0.0, -0.433, 2.3] 78.991
[-1.004, -0.154, -0.546, 0.0, -0.405, 2.3] 63.83
[-1.002, -0.126, -0.574, -0.0, -0.376, 2.3] 64.223
[-1.001, -0.097, -0.603, -0.0, -0.347, 2.3] 62.87
[-1.0, -0.068, -0.632, -0.0, -0.318, 2.3] 80.15
[-1.0, -0.039, -0.661, -0.0, -0.289, 2.3] 63.803
[-1.0, -0.01, -0.69, -0.0, -0.261, 2.3] 63.127
[-1.0, 0.018, -0.718, -0.0, -0.232, 2.3] 80.066
[-1.0, 0.047, -0.747, -0.0, -0.203, 2.3] 62.999
[-1.0, 0.076, -0.776, -0.0, -0.174, 2.3] 64.263
[-1.0, 0.105, -0.805, -0.0, -0.145, 2.3] 64.869
[-1.0, 0.134, -0.834, -0.0, -0.117, 2.3] 63.205
[-1.0, 0.162, -0.862, -0.0, -0.088, 2.3] 64.625
[-1.0, 0.183, -0.891, -0.0, -0.059, 2.3] 80.092
[-1.0, 0.192, -0.92, -0.0, -0.03, 2.3] 79.751
[-1.0, 0.196, -0.949, -0.0, -0.001, 2.3] 62.544
[-1.0, 0.198, -0.978, -0.0, 0.027, 2.3] 63.45
[-1.0, 0.199, -1.006, -0.0, 0.056, 2.3] 64.379
[-1.0, 0.2, -1.035, -0.0, 0.085, 2.3] 78.905
[-1.0, 0.2, -1.064, -0.0, 0.114, 2.3] 64.099
[-1.0, 0.2, -1.093, -0.0, 0.143, 2.3] 63.888
[-1.0, 0.2, -1.122, 0.0, 0.171, 2.3] 64.146
[-1.0, 0.2, -1.15, 0.0, 0.2, 2.3] 80.162
[-1.0, 0.2, -1.176, 0.0, 0.229, 2.3] 63.376
[-1.0, 0.2, -1.189, 0.0, 0.258, 2.3] 63.663
[-1.0, 0.2, -1.195, 0.0, 0.287, 2.3] 63.686
[-1.0, 0.2, -1.198, 0.0, 0.315, 2.3] 63.863
[-1.0, 0.2, -1.199, 0.0, 0.344, 2.3] 95.984
[-1.0, 0.2, -1.199, 0.0, 0.373, 2.3] 63.967
[-1.0, 0.2, -1.2, 0.0, 0.402, 2.3] 48.358
[-1.0, 0.2, -1.2, 0.0, 0.431, 2.3] 64.035
[-1.0, 0.2, -1.2, 0.0, 0.459, 2.3] 80.013
[-1.0, 0.2, -1.2, 0.0, 0.488, 2.3] 62.762
[-1.0, 0.2, -1.2, 0.0, 0.517, 2.3] 63.709
[-1.0, 0.2, -1.2, 0.0, 0.546, 2.3] 63.422
[-1.0, 0.2, -1.2, 0.0, 0.575, 2.3] 81.772
[-1.0, 0.2, -1.2, 0.0, 0.603, 2.3] 61.672
[-1.0, 0.2, -1.2, 0.0, 0.632, 2.3] 65.452
[-1.0, 0.2, -1.2, 0.0, 0.661, 2.3] 63.381
[-1.0, 0.2, -1.2, 0.0, 0.69, 2.3] 79.579
[-1.0, 0.2, -1.2, 0.0, 0.719, 2.3] 63.429
[-1.0, 0.2, -1.2, 0.0, 0.747, 2.3] 63.953
[-1.0, 0.2, -1.2, 0.0, 0.776, 2.3] 64.265
[-1.0, 0.2, -1.2, 0.0, 0.805, 2.3] 80.389
[-1.0, 0.2, -1.2, 0.0, 0.834, 2.3] 63.963
[-1.0, 0.2, -1.2, 0.0, 0.863, 2.3] 64.909
[-1.0, 0.2, -1.2, 0.0, 0.891, 2.3] 62.983
[-1.0, 0.2, -1.2, 0.0, 0.92, 2.3] 64.192
[-1.0, 0.2, -1.2, -0.0, 0.949, 2.3] 79.51
[-1.0, 0.2, -1.2, -0.0, 0.975, 2.3] 64.141
[-1.0, 0.2, -1.2, -0.0, 0.988, 2.3] 64.336
[-1.0, 0.2, -1.2, -0.0, 0.995, 2.3] 79.881
[-0.971, 0.2, -1.171, 0.029, 0.966, 2.271] 64.411
[-0.942, 0.2, -1.142, 0.058, 0.937, 2.242] 63.251
[-0.914, 0.2, -1.114, 0.086, 0.908, 2.214] 64.218
[-0.885, 0.2, -1.085, 0.115, 0.879, 2.185] 79.964
[-0.856, 0.2, -1.056, 0.144, 0.851, 2.156] 63.637
[-0.827, 0.2, -1.027, 0.173, 0.822, 2.127] 65.314
[-0.798, 0.2, -0.998, 0.202, 0.793, 2.098] 63.553
[-0.77, 0.2, -0.97, 0.23, 0.764, 2.07] 49.465
[-0.741, 0.2, -0.941, 0.259, 0.736, 2.041] 80.096
[-0.712, 0.2, -0.912, 0.288, 0.707, 2.012] 93.949
[-0.683, 0.2, -0.883, 0.317, 0.678, 1.983] 63.869
[-0.654, 0.2, -0.854, 0.346, 0.649, 1.954] 64.247
[-0.626, 0.2, -0.826, 0.374, 0.62, 1.926] 63.77
[-0.597, 0.2, -0.797, 0.403, 0.592, 1.897] 80.403
[-0.568, 0.2, -0.768, 0.432, 0.563, 1.868] 64.178
[-0.539, 0.2, -0.739, 0.461, 0.534, 1.839] 63.754
[-0.51, 0.2, -0.71, 0.49, 0.505, 1.81] 200.866
[-0.482, 0.2, -0.682, 0.518, 0.476, 1.782] 72.432
[-0.453, 0.2, -0.653, 0.547, 0.448, 1.753] 64.516
[-0.424, 0.2, -0.624, 0.576, 0.419, 1.724] 63.916
[-0.395, 0.2, -0.595, 0.605, 0.39, 1.695] 54.387
[-0.366, 0.2, -0.566, 0.634, 0.361, 1.666] 80.258
[-0.338, 0.2, -0.538, 0.662, 0.332, 1.638] 71.607
[-0.309, 0.2, -0.509, 0.691, 0.304, 1.609] 63.601
[-0.28, 0.2, -0.48, 0.72, 0.275, 1.58] 54.4
[-0.251, 0.2, -0.451, 0.749, 0.246, 1.551] 60.311
[-0.222, 0.2, -0.422, 0.778, 0.217, 1.522] 61.626
[-0.194, 0.2, -0.394, 0.806, 0.188, 1.494] 79.686
[-0.165, 0.2, -0.365, 0.835, 0.16, 1.465] 64.135
[-0.136, 0.2, -0.336, 0.864, 0.131, 1.436] 64.182
[-0.107, 0.2, -0.307, 0.893, 0.102, 1.407] 64.54
[-0.078, 0.2, -0.278, 0.922, 0.073, 1.378] 79.104
[-0.05, 0.2, -0.25, 0.95, 0.044, 1.35] 64.005
[-0.021, 0.2, -0.221, 0.979, 0.016, 1.321] 52.058
[0.008, 0.2, -0.192, 1.008, -0.013, 1.292] 76.493
[0.037, 0.2, -0.163, 1.037, -0.042, 1.263] 63.82
[0.066, 0.2, -0.134, 1.066, -0.071, 1.234] 79.911
[0.094, 0.2, -0.106, 1.094, -0.1, 1.206] 64.198
[0.123, 0.2, -0.077, 1.123, -0.128, 1.177] 64.183
[0.152, 0.2, -0.048, 1.152, -0.157, 1.148] 64.034
[0.181, 0.2, -0.019, 1.181, -0.186, 1.119] 79.584
[0.21, 0.2, 0.01, 1.209, -0.215, 1.09] 64.361
[0.238, 0.2, 0.038, 1.238, -0.244, 1.062] 63.64
[0.267, 0.2, 0.067, 1.267, -0.272, 1.033] 63.197
[0.285, 0.2, 0.096, 1.296, -0.301, 1.004] 80.102
[0.293, 0.2, 0.125, 1.325, -0.33, 0.975] 79.675
[0.297, 0.2, 0.154, 1.353, -0.359, 0.946] 48.076
[0.298, 0.2, 0.182, 1.382, -0.388, 0.918] 64.591
[0.299, 0.2, 0.211, 1.411, -0.416, 0.889] 78.271
[0.3, 0.2, 0.24, 1.44, -0.445, 0.86] 64.317
[0.3, 0.2, 0.269, 1.469, -0.474, 0.831] 62.104
[0.3, 0.2, 0.298, 1.497, -0.503, 0.802] 63.888
[0.3, 0.2, 0.326, 1.526, -0.532, 0.774] 79.282
[0.3, 0.2, 0.355, 1.555, -0.56, 0.745] 63.958
[0.3, 0.2, 0.384, 1.584, -0.589, 0.716] 62.966
[0.3, 0.2, 0.413, 1.613, -0.618, 0.687] 63.733
[0.3, 0.2, 0.442, 1.641, -0.647, 0.658] 79.498
[0.3, 0.2, 0.47, 1.67, -0.676, 0.63] 64.7
[0.3, 0.2, 0.499, 1.699, -0.704, 0.601] 63.595
[0.3, 0.2, 0.528, 1.728, -0.733, 0.572] 63.871
[0.3, 0.2, 0.557, 1.757, -0.762, 0.543] 80.075
[0.3, 0.2, 0.586, 1.785, -0.791, 0.515] 64.732
[0.3, 0.2, 0.614, 1.814, -0.82, 0.486] 61.952
[0.3, 0.2, 0.643, 1.843, -0.848, 0.457] 63.344
[0.3, 0.2, 0.672, 1.871, -0.877, 0.428] 80.447
[0.3, 0.2, 0.701, 1.887, -0.906, 0.399] 63.617
[0.3, 0.2, 0.73, 1.894, -0.935, 0.371] 64.066
[0.3, 0.2, 0.758, 1.897, -0.964, 0.342] 64.212
[0.3, 0.2, 0.787, 1.899, -0.992, 0.313] 63.454
[0.3, 0.2, 0.816, 1.899, -1.021, 0.284] 63.708
[0.3, 0.2, 0.845, 1.9, -1.05, 0.255] 64.645
[0.3, 0.2, 0.874, 1.9, -1.079, 0.227] 80.053
[0.3, 0.2, 0.902, 1.9, -1.108, 0.198] 63.024
[0.3, 0.2, 0.931, 1.9, -1.136, 0.169] 62.692
[0.3, 0.2, 0.96, 1.9, -1.165, 0.14] 79.927
[0.3, 0.2, 0.989, 1.9, -1.194, 0.111] 64.356
[0.3, 0.2, 1.018, 1.9, -1.223, 0.083] 63.085
[0.3, 0.2, 1.046, 1.9, -1.252, 0.054] 63.124
[0.3, 0.2, 1.075, 1.9, -1.28, 0.027] 80.041
[0.3, 0.2, 1.104, 1.9, -1.309, 0.012] 64.023
[0.3, 0.2, 1.133, 1.9, -1.338, 0.006] 63.278
[0.3, 0.2, 1.162, 1.9, -1.367, 0.003] 64.786
[0.3, 0.2, 1.182, 1.9, -1.385, 0.001] 79.491
[0.3, 0.2, 1.192, 1.9, -1.393, 0.001] 64.141
[0.329, 0.171, 1.163, 1.871, -1.364, 0.029] 64.072
[0.358, 0.142, 1.134, 1.842, -1.335, 0.058] 64.104
[0.386, 0.114, 1.105, 1.814, -1.316, 0.087] 79.732
[0.415, 0.085, 1.077, 1.785, -1.308, 0.116] 63.949
[0.444, 0.056, 1.048, 1.756, -1.303, 0.145] 64.427
[0.473, 0.027, 1.019, 1.727, -1.302, 0.173] 63.857
[0.502, -0.002, 0.99, 1.698, -1.301, 0.202] 96.034
[0.53, -0.03, 0.961, 1.67, -1.3, 0.231] 63.375
[0.559, -0.059, 0.933, 1.641, -1.3, 0.26] 64.145
[0.588, -0.088, 0.904, 1.612, -1.3, 0.289] 64.37
[0.617, -0.117, 0.875, 1.583, -1.3, 0.317] 63.876
[0.646, -0.146, 0.846, 1.554, -1.3, 0.346] 79.123
[0.674, -0.174, 0.817, 1.526, -1.3, 0.375] 64.167
[0.703, -0.203, 0.789, 1.497, -1.3, 0.404] 64.152
[0.732, -0.232, 0.76, 1.468, -1.3, 0.433] 64.455
[0.761, -0.261, 0.731, 1.439, -1.3, 0.461] 64.177
[0.79, -0.282, 0.702, 1.41, -1.3, 0.49] 79.945
[0.818, -0.292, 0.673, 1.382, -1.3, 0.519] 63.899
[0.847, -0.296, 0.645, 1.353, -1.3, 0.548] 63.9
[0.876, -0.298, 0.616, 1.324, -1.3, 0.577] 64.192
[0.905, -0.299, 0.587, 1.295, -1.3, 0.605] 79.933
[0.934, -0.3, 0.558, 1.266, -1.3, 0.634] 63.873
[0.962, -0.3, 0.53, 1.238, -1.3, 0.663] 64.772
[0.991, -0.3, 0.514, 1.209, -1.3, 0.692] 63.073
[1.02, -0.3, 0.506, 1.18, -1.3, 0.721] 80.342
[1.049, -0.3, 0.503, 1.151, -1.3, 0.749] 63.378
[1.078, -0.3, 0.501, 1.122, -1.3, 0.778] 63.941
[1.106, -0.3, 0.501, 1.094, -1.3, 0.807] 64.473
[1.135, -0.3, 0.5, 1.065, -1.3, 0.836] 79.552
[1.164, -0.3, 0.5, 1.036, -1.3, 0.865] 95.641
[1.193, -0.3, 0.5, 1.007, -1.3, 0.893] 63.705
[1.222, -0.3, 0.5, 0.978, -1.3, 0.922] 63.117
[1.25, -0.3, 0.5, 0.95, -1.3, 0.951] 64.026
[1.279, -0.3, 0.5, 0.921, -1.3, 0.976] 63.946
[1.308, -0.3, 0.5, 0.892, -1.3, 0.989] 80.066
[1.337, -0.3, 0.5, 0.863, -1.3, 0.995] 64.576
[1.366, -0.3, 0.5, 0.834, -1.3, 0.998] 63.434
[1.394, -0.3, 0.5, 0.806, -1.3, 0.999] 63.552
[1.423, -0.3, 0.5, 0.777, -1.3, 1.0] 79.996
[1.452, -0.3, 0.5, 0.748, -1.3, 1.0] 47.942
[1.481, -0.3, 0.5, 0.719, -1.3, 1.0] 96.068
[1.51, -0.3, 0.5, 0.691, -1.3, 1.0] 80.25
[1.538, -0.3, 0.5, 0.662, -1.3, 1.0] 63.021
[1.567, -0.3, 0.5, 0.633, -1.3, 1.0] 63.044
[1.596, -0.3, 0.5, 0.604, -1.3, 1.0] 78.658
[1.625, -0.3, 0.5, 0.575, -1.3, 1.0] 63.778
[1.654, -0.3, 0.5, 0.547, -1.3, 1.0] 63.767
[1.682, -0.3, 0.5, 0.518, -1.3, 1.0] 63.928
[1.711, -0.3, 0.5, 0.489, -1.3, 1.0] 64.853
[1.74, -0.3, 0.5, 0.46, -1.3, 1.0] 79.838
[1.769, -0.3, 0.5, 0.431, -1.3, 1.0] 65.152
[1.798, -0.3, 0.5, 0.403, -1.3, 1.0] 63.564
[1.826, -0.3, 0.5, 0.374, -1.3, 1.0] 64.05
[1.855, -0.3, 0.5, 0.345, -1.3, 1.0] 94.666
[1.884, -0.3, 0.5, 0.316, -1.3, 1.0] 64.851
[1.913, -0.3, 0.5, 0.287, -1.3, 1.0] 63.173
[1.942, -0.3, 0.5, 0.259, -1.3, 1.0] 64.241
[1.97, -0.3, 0.5, 0.23, -1.3, 1.0] 63.393
[1.986, -0.3, 0.5, 0.201, -1.3, 1.0] 95.421
[1.994, -0.3, 0.5, 0.172, -1.3, 1.0] 63.425
[1.997, -0.3, 0.5, 0.143, -1.3, 1.0] 63.282
[1.999, -0.3, 0.5, 0.115, -1.3, 1.0] 64.072
[1.999, -0.3, 0.5, 0.086, -1.3, 1.0] 64.395
[2.0, -0.3, 0.5, 0.057, -1.3, 1.0] 79.469
[2.0, -0.3, 0.5, 0.028, -1.3, 1.0] 64.654
[2.0, -0.3, 0.5, -0.001, -1.3, 1.0] 64.188
[2.0, -0.3, 0.5, -0.029, -1.3, 1.0] 63.703
[2.0, -0.3, 0.5, -0.058, -1.3, 1.0] 63.581
[2.0, -0.3, 0.5, -0.087, -1.3, 1.0] 80.015
[2.0, -0.3, 0.5, -0.116, -1.3, 1.0] 64.238
[2.0, -0.3, 0.5, -0.145, -1.3, 1.0] 64.292
[2.0, -0.3, 0.5, -0.173, -1.3, 1.0] 63.669
[2.0, -0.3, 0.5, -0.202, -1.3, 1.0] 81.375
[2.0, -0.3, 0.5, -0.231, -1.3, 1.0] 63.002
[2.0, -0.3, 0.5, -0.26, -1.3, 1.0] 63.866
[2.0, -0.3, 0.5, -0.289, -1.3, 1.0] 63.391
[2.0, -0.3, 0.5, -0.317, -1.3, 1.0] 64.636
[2.0, -0.3, 0.5, -0.346, -1.3, 1.0] 79.93
[2.0, -0.3, 0.5, -0.375, -1.3, 1.0] 63.672
[2.0, -0.3, 0.5, -0.404, -1.3, 1.0] 63.945
[2.0, -0.3, 0.5, -0.433, -1.3, 1.0] 80.026
[2.0, -0.3, 0.5, -0.461, -1.3, 1.0] 64.119
[2.0, -0.3, 0.5, -0.49, -1.3, 1.0] 63.66
[2.0, -0.3, 0.5, -0.519, -1.3, 1.0] 64.478
[2.0, -0.3, 0.5, -0.548, -1.3, 1.0] 80.297
[2.0, -0.3, 0.5, -0.577, -1.3, 1.0] 64.685
[2.0, -0.3, 0.5, -0.605, -1.3, 1.0] 62.937
[2.0, -0.3, 0.5, -0.634, -1.3, 1.0] 63.425
[2.0, -0.3, 0.5, -0.663, -1.3, 1.0] 80.442
[2.0, -0.3, 0.5, -0.692, -1.3, 1.0] 64.204
[2.0, -0.3, 0.5, -0.721, -1.3, 1.0] 63.738
[2.0, -0.3, 0.5, -0.749, -1.3, 1.0] 62.644
[2.0, -0.3, 0.5, -0.778, -1.3, 1.0] 63.298
[2.0, -0.3, 0.5, -0.807, -1.3, 1.0] 79.904
[2.0, -0.3, 0.5, -0.836, -1.3, 1.0] 64.305
[2.0, -0.3, 0.5, -0.865, -1.3, 1.0] 63.39
[2.0, -0.3, 0.5, -0.893, -1.3, 1.0] 64.32
[2.0, -0.3, 0.5, -0.922, -1.3, 1.0] 64.754
[2.0, -0.3, 0.5, -0.951, -1.3, 1.0] 79.053
[2.0, -0.3, 0.5, -0.98, -1.3, 1.0] 64.731
[2.0, -0.3, 0.5, -1.009, -1.3, 1.0] 63.666
[2.0, -0.3, 0.5, -1.037, -1.3, 1.0] 63.89
[2.0, -0.3, 0.5, -1.066, -1.3, 1.0] 80.464
[2.0, -0.3, 0.5, -1.095, -1.3, 1.0] 63.555
[2.0, -0.3, 0.5, -1.124, -1.3, 1.0] 63.731
[2.0, -0.3, 0.5, -1.153, -1.3, 1.0] 63.165
[2.0, -0.3, 0.5, -1.181, -1.3, 1.0] 79.494
[2.0, -0.3, 0.5, -1.21, -1.3, 1.0] 63.472
[2.0, -0.3, 0.5, -1.239, -1.3, 1.0] 64.38
[2.0, -0.3, 0.5, -1.268, -1.3, 1.0] 63.674
[2.0, -0.3, 0.5, -1.297, -1.3, 1.0] 79.822
[2.0, -0.3, 0.5, -1.325, -1.3, 1.0] 64.332
[2.0, -0.3, 0.5, -1.354, -1.3, 1.0] 63.25
[2.0, -0.3, 0.5, -1.383, -1.3, 1.0] 63.262
[2.0, -0.3, 0.5, -1.412, -1.3, 1.0] 63.611
[2.0, -0.3, 0.5, -1.441, -1.3, 1.0] 96.046
[2.0, -0.3, 0.5, -1.469, -1.3, 1.0] 63.92
[2.0, -0.3, 0.5, -1.498, -1.3, 1.0] 64.164
[2.0, -0.3, 0.5, -1.527, -1.3, 1.0] 63.788
[2.0, -0.3, 0.5, -1.556, -1.3, 1.0] 63.498
[2.0, -0.3, 0.5, -1.585, -1.3, 1.0] 78.783
[2.0, -0.3, 0.5, -1.613, -1.3, 1.0] 63.98
[2.0, -0.3, 0.5, -1.642, -1.3, 1.0] 63.727
[2.0, -0.3, 0.5, -1.671, -1.3, 1.0] 64.134
[2.0, -0.3, 0.5, -1.7, -1.3, 1.0] 64.2
[2.0, -0.3, 0.5, -1.726, -1.3, 1.0] 79.808
[2.0, -0.3, 0.5, -1.739, -1.3, 1.0] 95.944
[2.0, -0.3, 0.5, -1.745, -1.3, 1.0] 64.138
[1.971, -0.271, 0.471, -1.716, -1.271, 0.971] 63.956
[1.942, -0.242, 0.442, -1.687, -1.242, 0.942] 63.43
[1.914, -0.214, 0.414, -1.658, -1.214, 0.914] 80.371
[1.885, -0.185, 0.385, -1.63, -1.185, 0.885] 63.828
[1.856, -0.156, 0.356, -1.601, -1.156, 0.856] 64.449
[1.827, -0.127, 0.327, -1.572, -1.127, 0.827] 63.633
[1.798, -0.098, 0.298, -1.543, -1.098, 0.798] 64.227
[1.77, -0.07, 0.27, -1.514, -1.07, 0.77] 80.312
[1.741, -0.041, 0.241, -1.486, -1.041, 0.741] 79.976
[1.712, -0.019, 0.212, -1.457, -1.012, 0.712] 77.93
[1.683, -0.009, 0.183, -1.428, -0.983, 0.683] 63.849
[1.654, -0.004, 0.154, -1.399, -0.954, 0.654] 63.637
[1.626, -0.002, 0.126, -1.37, -0.926, 0.626] 64.454
[1.597, -0.001, 0.097, -1.342, -0.897, 0.597] 64.235
[1.568, -0.0, 0.068, -1.313, -0.868, 0.568] 95.488
[1.539, -0.0, 0.039, -1.284, -0.839, 0.539] 63.701
[1.51, -0.0, 0.018, -1.255, -0.81, 0.51] 64.555
[1.482, -0.0, 0.008, -1.226, -0.782, 0.482] 47.57
[1.453, -0.0, 0.004, -1.198, -0.753, 0.453] 80.527
[1.424, -0.0, 0.002, -1.169, -0.724, 0.424] 95.369
[1.395, -0.0, 0.001, -1.14, -0.695, 0.395] 63.528
[1.366, -0.0, 0.0, -1.111, -0.666, 0.366] 64.822
[1.338, 0.0, 0.0, -1.082, -0.638, 0.338] 63.95
[1.309, 0.0, 0.0, -1.054, -0.609, 0.309] 79.591
[1.28, -0.0, 0.0, -1.025, -0.58, 0.28] 63.676
[1.251, 0.0, 0.0, -0.996, -0.551, 0.251] 63.332
[1.222, -0.0, 0.0, -0.967, -0.522, 0.222] 63.291
[1.194, -0.0, 0.0, -0.938, -0.494, 0.194] 78.496
[1.165, -0.0, 0.0, -0.91, -0.465, 0.165] 63.578
[1.136, -0.0, 0.0, -0.881, -0.436, 0.136] 64.509
[1.107, -0.0, -0.0, -0.852, -0.407, 0.107] 64.069
[1.078, -0.0, 0.0, -0.823, -0.378, 0.078] 63.001
[1.05, -0.0, 0.0, -0.794, -0.35, 0.05] 95.754
[1.021, -0.0, 0.0, -0.766, -0.321, 0.024] 64.002
[0.992, -0.0, 0.0, -0.737, -0.292, 0.011] 63.807
[0.963, -0.0, 0.0, -0.708, -0.263, 0.005] 64.121
[0.934, -0.0, 0.0, -0.679, -0.234, 0.002] 79.594
[0.906, -0.0, 0.0, -0.65, -0.206, 0.001] 65.03
[0.877, -0.0, 0.0, -0.622, -0.177, 0.001] 62.329
[0.848, -0.0, 0.0, -0.593, -0.148, 0.0] 64.507
[0.819, -0.0, 0.0, -0.564, -0.119, 0.0] 79.082
[0.79, -0.0, 0.0, -0.535, -0.09, 0.0] 64.457
[0.762, -0.0, 0.0, -0.506, -0.062, 0.0] 64.25
[0.733, -0.0, 0.0, -0.478, -0.033, 0.0] 63.479
[0.704, -0.0, 0.0, -0.449, -0.015, 0.0] 80.434
[0.675, -0.0, 0.0, -0.42, -0.007, 0.0] 63.594
[0.646, -0.0, 0.0, -0.391, -0.003, -0.0] 63.778
[0.618, -0.0, 0.0, -0.362, -0.002, -0.0] 64.287
[0.589, -0.0, 0.0, -0.334, -0.001, 0.0] 79.759
[0.56, -0.0, 0.0, -0.305, -0.0, -0.0] 63.955
[0.531, -0.0, 0.0, -0.276, -0.0, -0.0] 48.444
[0.502, -0.0, 0.0, -0.247, -0.0, 0.0] 80.207
[0.474, -0.0, 0.0, -0.218, -0.0, 0.0] 95.947
[0.445, -0.0, 0.0, -0.19, 0.0, -0.0] 63.214
[0.416, -0.0, 0.0, -0.161, -0.0, 0.0] 64.173
[0.387, -0.0, 0.0, -0.132, 0.0, -0.0] 64.425
[0.358, -0.0, 0.0, -0.103, -0.0, 0.0] 63.854
[0.33, -0.0, 0.0, -0.074, 0.0, 0.0] 79.544
[0.301, -0.0, 0.0, -0.046, 0.0, -0.0] 79.096
[0.272, -0.0, 0.0, -0.021, -0.0, 0.0] 63.127
[0.243, -0.0, 0.0, -0.01, -0.0, 0.0] 64.576
[0.214, -0.0, 0.0, -0.005, 0.0, 0.0] 79.973
[0.186, -0.0, 0.0, -0.002, 0.0, 0.0] 64.071
[0.157, -0.0, 0.0, -0.001, -0.0, -0.0] 64.167
[0.128, -0.0, 0.0, -0.0, -0.0, -0.0] 63.826
[0.099, -0.0, 0.0, -0.0, 0.0, -0.0] 63.223
[0.07, -0.0, 0.0, -0.0, -0.0, -0.0] 80.74
[0.042, -0.0, 0.0, -0.0, -0.0, -0.0] 79.53
[0.019, -0.0, 0.0, -0.0, -0.0, -0.0] 64.534
[0.009, -0.0, 0.0, -0.0, -0.0, -0.0] 64.133
