[-0.0, -0.0, 0.0, -0.0, -0.0, -0.003] 76.208
[0.029, 0.029, 0.029, 0.029, -0.029, -0.001] 77.201
[0.058, 0.058, 0.058, 0.058, -0.058, -0.001] 60.017
[0.086, 0.086, 0.086, 0.086, -0.086, -0.0] 62.943
[0.115, 0.115, 0.115, 0.115, -0.115, -0.0] 62.396
[0.144, 0.144, 0.144, 0.144, -0.144, -0.0] 60.361
[0.173, 0.173, 0.173, 0.173, -0.173, -0.0] 78.015
[0.202, 0.202, 0.202, 0.202, -0.202, -0.0] 74.38
[0.23, 0.23, 0.23, 0.23, -0.23, -0.0] 43.715
[0.259, 0.259, 0.259, 0.259, -0.259, -0.0] 69.179
[0.288, 0.288, 0.288, 0.288, -0.288, -0.0] 62.127
[0.317, 0.317, 0.317, 0.317, -0.317, -0.0] 62.68
[0.346, 0.346, 0.346, 0.346, -0.346, -0.0] 92.017
[0.374, 0.374, 0.374, 0.374, -0.374, 0.0] 63.04
[0.403, 0.403, 0.403, 0.403, -0.403, -0.0] 62.567
[0.432, 0.432, 0.432, 0.432, -0.432, -0.0] 57.399
[0.461, 0.461, 0.461, 0.461, -0.461, 0.0] 66.464
[0.49, 0.482, 0.482, 0.49, -0.49, -0.0] 78.239
[0.518, 0.492, 0.492, 0.518, -0.518, -0.0] 62.476
[0.547, 0.496, 0.496, 0.547, -0.547, 0.0] 61.426
[0.576, 0.498, 0.498, 0.576, -0.576, -0.0] 62.542
[0.605, 0.499, 0.499, 0.605, -0.605, 0.0] 76.903
[0.634, 0.5, 0.5, 0.634, -0.634, 0.0] 62.838
[0.662, 0.5, 0.5, 0.662, -0.662, -0.0] 60.996
[0.691, 0.5, 0.5, 0.691, -0.691, -0.0] 61.897
[0.72, 0.5, 0.5, 0.72, -0.72, 0.0] 92.353
[0.749, 0.5, 0.5, 0.749, -0.749, 0.0] 62.574
[0.778, 0.5, 0.5, 0.778, -0.778, 0.0] 63.789
[0.806, 0.5, 0.5, 0.806, -0.806, -0.0] 63.107
[0.835, 0.5, 0.5, 0.835, -0.835, -0.0] 61.712
[0.864, 0.5, 0.5, 0.864, -0.864, 0.0] 95.066
[0.893, 0.5, 0.5, 0.893, -0.893, 0.0] 61.591
[0.922, 0.5, 0.5, 0.922, -0.922, 0.0] 61.863
[0.95, 0.5, 0.5, 0.95, -0.95, -0.0] 63.758
[0.979, 0.5, 0.5, 0.979, -0.979, -0.0] 62.061
[1.008, 0.5, 0.5, 1.008, -1.008, 0.0] 77.603
[1.037, 0.5, 0.5, 1.037, -1.037, 0.0] 77.057
[1.066, 0.5, 0.5, 1.066, -1.066, 0.0] 61.619
[1.094, 0.5, 0.5, 1.094, -1.094, -0.0] 62.806
[1.123, 0.5, 0.5, 1.123, -1.123, -0.0] 63.057
[1.152, 0.5, 0.5, 1.152, -1.152, 0.0] 77.109
[1.181, 0.5, 0.5, 1.181, -1.181, 0.0] 63.079
[1.21, 0.5, 0.5, 1.21, -1.21, 0.0] 75.157
[1.238, 0.5, 0.5, 1.238, -1.238, -0.0] 51.473
[1.267, 0.5, 0.5, 1.267, -1.267, -0.0] 89.49
[1.296, 0.5, 0.5, 1.296, -1.296, 0.0] 61.027
[1.325, 0.5, 0.5, 1.325, -1.325, 0.0] 62.897
[1.354, 0.5, 0.5, 1.354, -1.354, 0.0] 61.824
[1.382, 0.5, 0.5, 1.382, -1.382, -0.0] 62.439
[1.411, 0.5, 0.5, 1.411, -1.411, -0.0] 80.77
[1.44, 0.5, 0.5, 1.44, -1.44, 0.0] 77.05
[1.469, 0.5, 0.5, 1.469, -1.469, 0.0] 62.392
[1.498, 0.5, 0.5, 1.498, -1.486, 0.0] 49.578
[1.526, 0.5, 0.5, 1.526, -1.493, 0.0] 75.787
[1.555, 0.5, 0.5, 1.555, -1.497, -0.0] 62.013
[1.584, 0.5, 0.5, 1.584, -1.499, -0.0] 61.895
[1.613, 0.5, 0.5, 1.613, -1.499, -0.0] 62.993
[1.642, 0.5, 0.5, 1.642, -1.5, 0.0] 94.603
[1.67, 0.5, 0.5, 1.67, -1.5, 0.0] 59.763
[1.699, 0.5, 0.5, 1.699, -1.5, 0.0] 62.665
[1.728, 0.5, 0.5, 1.728, -1.5, 0.0] 60.946
[1.757, 0.5, 0.5, 1.757, -1.5, 0.0] 63.214
[1.786, 0.5, 0.5, 1.78, -1.5, -0.0] 75.096
[1.814, 0.5, 0.5, 1.791, -1.5, -0.0] 62.802
[1.843, 0.5, 0.5, 1.796, -1.5, 0.0] 62.844
[1.872, 0.5, 0.5, 1.798, -1.5, 0.0] 62.762
[1.901, 0.5, 0.5, 1.799, -1.5, -0.0] 75.9
[1.93, 0.5, 0.5, 1.8, -1.5, 0.0] 63.6
[1.958, 0.5, 0.5, 1.8, -1.5, 0.0] 62.137
[1.987, 0.5, 0.5, 1.8, -1.5, 0.0] 62.147
[2.016, 0.5, 0.5, 1.8, -1.5, -0.0] 78.616
[2.045, 0.5, 0.5, 1.8, -1.5, -0.0] 63.849
[2.074, 0.5, 0.5, 1.8, -1.5, 0.0] 64.493
[2.102, 0.5, 0.5, 1.8, -1.5, 0.0] 76.286
[2.131, 0.5, 0.5, 1.8, -1.5, 0.0] 64.121
[2.16, 0.5, 0.5, 1.8, -1.5, 0.0] 61.61
[2.189, 0.5, 0.5, 1.8, -1.5, -0.0] 63.775
[2.218, 0.5, 0.5, 1.8, -1.5, -0.0] 59.818
[2.246, 0.5, 0.5, 1.8, -1.5, 0.0] 78.627
[2.275, 0.5, 0.5, 1.8, -1.5, 0.0] 80.387
[2.304, 0.5, 0.5, 1.8, -1.5, 0.0] 61.595
[2.333, 0.5, 0.5, 1.8, -1.5, -0.0] 63.205
[2.362, 0.5, 0.5, 1.8, -1.5, -0.0] 62.282
[2.39, 0.5, 0.5, 1.8, -1.5, -0.0] 77.738
[2.419, 0.5, 0.5, 1.8, -1.5, 0.0] 61.518
[2.448, 0.5, 0.5, 1.8, -1.5, 0.0] 62.165
[2.474, 0.5, 0.5, 1.8, -1.5, 0.0] 78.923
[2.488, 0.5, 0.5, 1.8, -1.5, -0.0] 61.393
[2.495, 0.5, 0.5, 1.8, -1.5, 0.0] 63.401
[2.466, 0.471, 0.471, 1.771, -1.471, 0.029] 61.752
[2.437, 0.442, 0.442, 1.742, -1.442, 0.058] 62.436
[2.408, 0.414, 0.414, 1.714, -1.414, 0.086] 75.915
[2.379, 0.385, 0.385, 1.685, -1.385, 0.115] 61.905
[2.351, 0.356, 0.356, 1.656, -1.356, 0.144] 61.184
[2.322, 0.327, 0.327, 1.627, -1.327, 0.173] 76.036
[2.293, 0.298, 0.298, 1.598, -1.298, 0.202] 61.599
[2.264, 0.27, 0.27, 1.57, -1.27, 0.23] 63.006
[2.235, 0.241, 0.241, 1.541, -1.241, 0.259] 61.108
[2.207, 0.212, 0.212, 1.512, -1.212, 0.288] 63.995
[2.178, 0.183, 0.183, 1.483, -1.183, 0.317] 94.183
[2.149, 0.154, 0.154, 1.454, -1.154, 0.346] 61.692
[2.12, 0.126, 0.126, 1.426, -1.126, 0.374] 61.309
[2.091, 0.097, 0.097, 1.397, -1.097, 0.403] 75.263
[2.063, 0.068, 0.068, 1.368, -1.068, 0.432] 62.528
[2.034, 0.039, 0.039, 1.339, -1.039, 0.461] 62.788
[2.005, 0.01, 0.01, 1.31, -1.01, 0.49] 64.351
[1.976, -0.018, -0.018, 1.282, -0.982, 0.518] 75.338
[1.947, -0.047, -0.047, 1.253, -0.953, 0.547] 62.613
[1.919, -0.076, -0.076, 1.224, -0.924, 0.576] 61.942
[1.89, -0.105, -0.105, 1.195, -0.895, 0.605] 61.085
[1.861, -0.134, -0.134, 1.166, -0.866, 0.634] 64.654
[1.832, -0.162, -0.162, 1.138, -0.838, 0.662] 60.227
[1.803, -0.191, -0.183, 1.109, -0.809, 0.691] 77.149
[1.775, -0.22, -0.192, 1.08, -0.78, 0.72] 63.032
[1.746, -0.249, -0.196, 1.051, -0.764, 0.749] 60.069
[1.717, -0.278, -0.198, 1.022, -0.756, 0.778] 61.987
[1.688, -0.306, -0.199, 0.994, -0.753, 0.806] 77.048
[1.659, -0.335, -0.2, 0.965, -0.751, 0.835] 62.461
[1.631, -0.364, -0.2, 0.936, -0.751, 0.864] 62.278
[1.602, -0.393, -0.2, 0.907, -0.75, 0.893] 61.931
[1.573, -0.422, -0.2, 0.878, -0.75, 0.922] 79.189
[1.544, -0.45, -0.2, 0.85, -0.75, 0.95] 60.767
[1.515, -0.476, -0.2, 0.821, -0.75, 0.979] 63.535
[1.487, -0.489, -0.2, 0.792, -0.75, 1.008] 62.335
[1.458, -0.495, -0.2, 0.763, -0.75, 1.037] 92.159
[1.429, -0.498, -0.2, 0.734, -0.75, 1.066] 60.979
[1.4, -0.499, -0.2, 0.706, -0.75, 1.094] 62.137
[1.371, -0.499, -0.2, 0.677, -0.75, 1.123] 62.634
[1.343, -0.5, -0.2, 0.648, -0.75, 1.152] 61.047
[1.314, -0.5, -0.2, 0.619, -0.75, 1.181] 93.165
[1.285, -0.5, -0.2, 0.59, -0.75, 1.21] 62.172
[1.256, -0.5, -0.2, 0.562, -0.75, 1.238] 90.89
[1.227, -0.5, -0.2, 0.533, -0.75, 1.267] 65.059
[1.199, -0.5, -0.2, 0.504, -0.75, 1.296] 60.4
[1.17, -0.5, -0.2, 0.475, -0.75, 1.325] 61.476
[1.141, -0.5, -0.2, 0.446, -0.75, 1.354] 61.199
[1.112, -0.5, -0.2, 0.418, -0.75, 1.382] 61.815
[1.083, -0.5, -0.2, 0.389, -0.75, 1.411] 62.159
[1.055, -0.5, -0.2, 0.36, -0.75, 1.44] 76.36
[1.026, -0.5, -0.2, 0.331, -0.75, 1.469] 62.807
[0.997, -0.5, -0.2, 0.302, -0.75, 1.498] 62.357
[0.968, -0.5, -0.2, 0.274, -0.75, 1.526] 58.437
[0.939, -0.5, -0.2, 0.245, -0.75, 1.555] 77.138
[0.911, -0.5, -0.2, 0.216, -0.75, 1.584] 63.159
[0.882, -0.5, -0.2, 0.187, -0.75, 1.613] 60.69
[0.853, -0.5, -0.2, 0.158, -0.75, 1.642] 60.725
[0.824, -0.5, -0.2, 0.13, -0.75, 1.67] 78.035
[0.795, -0.5, -0.2, 0.101, -0.75, 1.699] 76.616
[0.767, -0.5, -0.2, 0.072, -0.75, 1.728] 62.279
[0.738, -0.5, -0.2, 0.043, -0.75, 1.757] 48.641
[0.709, -0.5, -0.2, 0.02, -0.75, 1.786] 75.797
[0.68, -0.5, -0.2, 0.009, -0.75, 1.814] 86.358
[0.651, -0.5, -0.2, 0.004, -0.75, 1.843] 67.529
[0.623, -0.5, -0.2, 0.002, -0.75, 1.872] 54.004
[0.594, -0.5, -0.2, 0.001, -0.75, 1.901] 59.632
[0.565, -0.5, -0.2, 0.0, -0.75, 1.93] 67.785
[0.536, -0.5, -0.2, 0.0, -0.75, 1.958] 75.054
[0.507, -0.5, -0.2, 0.0, -0.75, 1.987] 59.901
[0.479, -0.5, -0.2, 0.0, -0.75, 2.016] 64.849
[0.45, -0.5, -0.2, 0.0, -0.75, 2.045] 62.469
[0.421, -0.5, -0.2, 0.0, -0.75, 2.074] 77.036
[0.392, -0.5, -0.2, 0.0, -0.75, 2.102] 77.478
[0.363, -0.5, -0.2, 0.0, -0.75, 2.131] 71.201
[0.335, -0.5, -0.2, -0.0, -0.75, 2.16] 52.743
[0.306, -0.5, -0.2, 0.0, -0.75, 2.189] 62.866
[0.277, -0.5, -0.2, -0.0, -0.75, 2.218] 76.484
[0.248, -0.5, -0.2, -0.0, -0.75, 2.246] 61.829
[0.219, -0.5, -0.2, 0.0, -0.75, 2.273] 62.616
[0.191, -0.5, -0.2, 0.0, -0.75, 2.288] 61.118
[0.162, -0.5, -0.2, 0.0, -0.75, 2.294] 61.89
[0.133, -0.5, -0.2, 0.0, -0.75, 2.297] 60.886
[0.104, -0.5, -0.2, 0.0, -0.75, 2.299] 79.947
[0.075, -0.5, -0.2, 0.0, -0.75, 2.299] 62.512
[0.047, -0.5, -0.2, 0.0, -0.75, 2.3] 61.636
[0.018, -0.5, -0.2, 0.0, -0.75, 2.3] 60.945
[-0.011, -0.5, -0.2, 0.0, -0.75, 2.3] 77.135
[-0.04, -0.5, -0.2, 0.0, -0.75, 2.3] 63.71
[-0.069, -0.5, -0.2, 0.0, -0.75, 2.3] 62.408
[-0.097, -0.5, -0.2, 0.0, -0.75, 2.3] 61.668
[-0.126, -0.5, -0.2, 0.0, -0.75, 2.3] 76.591
[-0.155, -0.5, -0.2, 0.0, -0.75, 2.3] 63.441
[-0.184, -0.5, -0.2, 0.0, -0.75, 2.3] 61.389
[-0.213, -0.5, -0.2, 0.0, -0.75, 2.3] 62.546
[-0.241, -0.5, -0.2, 0.0, -0.75, 2.3] 76.296
[-0.27, -0.5, -0.2, 0.0, -0.75, 2.3] 64.09
[-0.299, -0.5, -0.2, 0.0, -0.75, 2.3] 61.634
[-0.328, -0.5, -0.2, 0.0, -0.75, 2.3] 75.952
[-0.357, -0.5, -0.2, 0.0, -0.75, 2.3] 61.46
[-0.385, -0.5, -0.2, -0.0, -0.75, 2.3] 62.295
[-0.414, -0.5, -0.2, -0.0, -0.75, 2.3] 62.49
[-0.443, -0.5, -0.2, -0.0, -0.75, 2.3] 71.903
[-0.472, -0.5, -0.2, -0.0, -0.75, 2.3] 54.813
[-0.501, -0.5, -0.2, -0.0, -0.75, 2.3] 78.343
[-0.529, -0.5, -0.2, -0.0, -0.75, 2.3] 58.183
[-0.558, -0.5, -0.2, -0.0, -0.75, 2.3] 71.437
[-0.587, -0.5, -0.2, -0.0, -0.75, 2.3] 59.926
[-0.616, -0.5, -0.2, -0.0, -0.75, 2.3] 59.56
[-0.645, -0.5, -0.2, -0.0, -0.75, 2.3] 82.322
[-0.673, -0.5, -0.2, -0.0, -0.75, 2.3] 58.317
[-0.702, -0.5, -0.2, -0.0, -0.75, 2.3] 67.964
[-0.731, -0.5, -0.2, -0.0, -0.75, 2.3] 60.195
[-0.76, -0.5, -0.2, -0.0, -0.75, 2.3] 76.007
[-0.789, -0.5, -0.2, -0.0, -0.75, 2.3] 59.613
[-0.817, -0.5, -0.2, -0.0, -0.75, 2.3] 67.4
[-0.846, -0.5, -0.2, -0.0, -0.75, 2.3] 60.355
[-0.875, -0.5, -0.2, -0.0, -0.75, 2.3] 84.962
[-0.904, -0.5, -0.2, -0.0, -0.75, 2.3] 60.813
[-0.933, -0.5, -0.2, -0.0, -0.75, 2.3] 61.91
[-0.961, -0.5, -0.2, -0.0, -0.75, 2.3] 62.0
[-0.99, -0.5, -0.2, -0.0, -0.75, 2.3] 64.292
[-1.019, -0.5, -0.2, -0.0, -0.75, 2.3] 76.575
[-1.048, -0.5, -0.2, -0.0, -0.75, 2.3] 77.914
[-1.077, -0.5, -0.2, -0.0, -0.75, 2.3] 60.892
[-1.105, -0.5, -0.2, -0.0, -0.75, 2.3] 62.092
[-1.134, -0.5, -0.2, 0.0, -0.75, 2.3] 60.808
[-1.163, -0.5, -0.2, 0.0, -0.75, 2.3] 75.638
[-1.192, -0.5, -0.2, 0.0, -0.75, 2.3] 76.952
[-1.221, -0.5, -0.2, 0.0, -0.75, 2.3] 62.186
[-1.249, -0.5, -0.2, 0.0, -0.75, 2.3] 62.61
[-1.275, -0.5, -0.2, 0.0, -0.75, 2.3] 82.551
[-1.289, -0.5, -0.2, 0.0, -0.75, 2.3] 62.349
[-1.295, -0.5, -0.2, 0.0, -0.75, 2.3] 72.228
[-1.266, -0.471, -0.229, 0.0, -0.721, 2.3] 52.729
[-1.237, -0.442, -0.258, 0.0, -0.692, 2.3] 71.959
[-1.208, -0.414, -0.286, 0.0, -0.664, 2.3] 60.817
[-1.18, -0.385, -0.315, 0.0, -0.635, 2.3] 66.654
[-1.151, -0.356, -0.344, 0.0, -0.606, 2.3] 64.659
[-1.122, -0.327, -0.373, 0.0, -0.577, 2.3] 73.117
[-1.093, -0.298, -0.402, 0.0, -0.548, 2.3] 57.105
[-1.064, -0.27, -0.43, 0.0, -0.52, 2.3] 68.098
[-1.036, -0.241, -0.459, 0.0, -0.491, 2.3] 52.61
[-1.016, -0.212, -0.488, 0.0, -0.462, 2.3] 69.242
[-1.008, -0.183, -0.517, 0.0, -0.433, 2.3] 61.06
[-1.004, -0.154, -0.546, 0.0, -0.405, 2.3] 62.991
[-1.002, -0.126, -0.574, -0.0, -0.376, 2.3] 74.966
[-1.001, -0.097, -0.603, -0.0, -0.347, 2.3] 61.333
[-1.0, -0.068, -0.632, -0.0, -0.318, 2.3] 61.994
[-1.0, -0.039, -0.661, -0.0, -0.289, 2.3] 76.655
[-1.0, -0.01, -0.69, -0.0, -0.261, 2.3] 62.831
[-1.0, 0.018, -0.718, -0.0, -0.232, 2.3] 62.38
[-1.0, 0.047, -0.747, -0.0, -0.203, 2.3] 62.583
[-1.0, 0.076, -0.776, -0.0, -0.174, 2.3] 62.111
[-1.0, 0.105, -0.805, -0.0, -0.145, 2.3] 78.99
[-1.0, 0.134, -0.834, -0.0, -0.117, 2.3] 62.456
[-1.0, 0.162, -0.862, -0.0, -0.088, 2.3] 62.466
[-1.0, 0.183, -0.891, -0.0, -0.059, 2.3] 110.041
[-1.0, 0.192, -0.92, -0.0, -0.03, 2.3] 61.891
[-1.0, 0.196, -0.949, -0.0, -0.001, 2.3] 62.475
[-1.0, 0.198, -0.978, -0.0, 0.027, 2.3] 60.368
[-1.0, 0.199, -1.006, -0.0, 0.056, 2.3] 63.496
[-1.0, 0.2, -1.035, -0.0, 0.085, 2.3] 61.742
[-1.0, 0.2, -1.064, -0.0, 0.114, 2.3] 88.894
[-1.0, 0.2, -1.093, -0.0, 0.143, 2.3] 52.149
[-1.0, 0.2, -1.122, 0.0, 0.171, 2.3] 63.886
[-1.0, 0.2, -1.15, 0.0, 0.2, 2.3] 60.347
[-1.0, 0.2, -1.176, 0.0, 0.229, 2.3] 78.845
[-1.0, 0.2, -1.189, 0.0, 0.258, 2.3] 62.991
[-1.0, 0.2, -1.195, 0.0, 0.287, 2.3] 61.317
[-1.0, 0.2, -1.198, 0.0, 0.315, 2.3] 61.284
[-1.0, 0.2, -1.199, 0.0, 0.344, 2.3] 93.181
[-1.0, 0.2, -1.199, 0.0, 0.373, 2.3] 61.795
[-1.0, 0.2, -1.2, 0.0, 0.402, 2.3] 65.13
[-1.0, 0.2, -1.2, 0.0, 0.431, 2.3] 60.38
[-1.0, 0.2, -1.2, 0.0, 0.459, 2.3] 76.989
[-1.0, 0.2, -1.2, 0.0, 0.488, 2.3] 61.124
[-1.0, 0.2, -1.2, 0.0, 0.517, 2.3] 55.571
[-1.0, 0.2, -1.2, 0.0, 0.546, 2.3] 70.434
[-1.0, 0.2, -1.2, 0.0, 0.575, 2.3] 61.647
[-1.0, 0.2, -1.2, 0.0, 0.603, 2.3] 61.977
[-1.0, 0.2, -1.2, 0.0, 0.632, 2.3] 78.144
[-1.0, 0.2, -1.2, 0.0, 0.661, 2.3] 49.151
[-1.0, 0.2, -1.2, 0.0, 0.69, 2.3] 75.687
[-1.0, 0.2, -1.2, 0.0, 0.719, 2.3] 76.763
[-1.0, 0.2, -1.2, 0.0, 0.747, 2.3] 63.171
[-1.0, 0.2, -1.2, 0.0, 0.776, 2.3] 54.177
[-1.0, 0.2, -1.2, 0.0, 0.805, 2.3] 69.936
[-1.0, 0.2, -1.2, 0.0, 0.834, 2.3] 76.932
[-1.0, 0.2, -1.2, 0.0, 0.863, 2.3] 64.205
[-1.0, 0.2, -1.2, 0.0, 0.891, 2.3] 61.865
[-1.0, 0.2, -1.2, 0.0, 0.92, 2.3] 61.539
[-1.0, 0.2, -1.2, -0.0, 0.949, 2.3] 77.571
[-1.0, 0.2, -1.2, -0.0, 0.975, 2.3] 63.268
[-1.0, 0.2, -1.2, -0.0, 0.988, 2.3] 60.801
[-1.0, 0.2, -1.2, -0.0, 0.995, 2.3] 56.731
[-0.971, 0.2, -1.171, 0.029, 0.966, 2.271] 83.88
[-0.942, 0.2, -1.142, 0.058, 0.937, 2.242] 63.388
[-0.914, 0.2, -1.114, 0.086, 0.908, 2.214] 61.731
[-0.885, 0.2, -1.085, 0.115, 0.879, 2.185] 61.152
[-0.856, 0.2, -1.056, 0.144, 0.851, 2.156] 78.827
[-0.827, 0.2, -1.027, 0.173, 0.822, 2.127] 63.446
[-0.798, 0.2, -0.998, 0.202, 0.793, 2.098] 63.202
[-0.77, 0.2, -0.97, 0.23, 0.764, 2.07] 62.132
[-0.741, 0.2, -0.941, 0.259, 0.736, 2.041] 77.443
[-0.712, 0.2, -0.912, 0.288, 0.707, 2.012] 63.902
[-0.683, 0.2, -0.883, 0.317, 0.678, 1.983] 61.252
[-0.654, 0.2, -0.854, 0.346, 0.649, 1.954] 61.804
[-0.626, 0.2, -0.826, 0.374, 0.62, 1.926] 77.023
[-0.597, 0.2, -0.797, 0.403, 0.592, 1.897] 63.012
[-0.568, 0.2, -0.768, 0.432, 0.563, 1.868] 60.86
[-0.539, 0.2, -0.739, 0.461, 0.534, 1.839] 63.971
[-0.51, 0.2, -0.71, 0.49, 0.505, 1.81] 77.53
[-0.482, 0.2, -0.682, 0.518, 0.476, 1.782] 78.951
[-0.453, 0.2, -0.653, 0.547, 0.448, 1.753] 62.247
[-0.424, 0.2, -0.624, 0.576, 0.419, 1.724] 60.502
[-0.395, 0.2, -0.595, 0.605, 0.39, 1.695] 62.846
[-0.366, 0.2, -0.566, 0.634, 0.361, 1.666] 78.363
[-0.338, 0.2, -0.538, 0.662, 0.332, 1.638] 62.107
[-0.309, 0.2, -0.509, 0.691, 0.304, 1.609] 61.828
[-0.28, 0.2, -0.48, 0.72, 0.275, 1.58] 62.205
[-0.251, 0.2, -0.451, 0.749, 0.246, 1.551] 77.92
[-0.222, 0.2, -0.422, 0.778, 0.217, 1.522] 61.756
[-0.194, 0.2, -0.394, 0.806, 0.188, 1.494] 62.021
[-0.165, 0.2, -0.365, 0.835, 0.16, 1.465] 61.747
[-0.136, 0.2, -0.336, 0.864, 0.131, 1.436] 78.434
[-0.107, 0.2, -0.307, 0.893, 0.102, 1.407] 60.77
[-0.078, 0.2, -0.278, 0.922, 0.073, 1.378] 63.184
[-0.05, 0.2, -0.25, 0.95, 0.044, 1.35] 60.972
[-0.021, 0.2, -0.221, 0.979, 0.016, 1.321] 76.776
[0.008, 0.2, -0.192, 1.008, -0.013, 1.292] 62.503
[0.037, 0.2, -0.163, 1.037, -0.042, 1.263] 61.633
[0.066, 0.2, -0.134, 1.066, -0.071, 1.234] 62.088
[0.094, 0.2, -0.106, 1.094, -0.1, 1.206] 60.888
[0.123, 0.2, -0.077, 1.123, -0.128, 1.177] 80.195
[0.152, 0.2, -0.048, 1.152, -0.157, 1.148] 59.768
[0.181, 0.2, -0.019, 1.181, -0.186, 1.119] 63.28
[0.21, 0.2, 0.01, 1.209, -0.215, 1.09] 62.649
[0.238, 0.2, 0.038, 1.238, -0.244, 1.062] 68.003
[0.267, 0.2, 0.067, 1.267, -0.272, 1.033] 70.914
[0.285, 0.2, 0.096, 1.296, -0.301, 1.004] 61.16
[0.293, 0.2, 0.125, 1.325, -0.33, 0.975] 63.061
[0.297, 0.2, 0.154, 1.353, -0.359, 0.946] 61.084
[0.298, 0.2, 0.182, 1.382, -0.388, 0.918] 59.119
[0.299, 0.2, 0.211, 1.411, -0.416, 0.889] 68.184
[0.3, 0.2, 0.24, 1.44, -0.445, 0.86] 77.382
[0.3, 0.2, 0.269, 1.469, -0.474, 0.831] 62.337
[0.3, 0.2, 0.298, 1.497, -0.503, 0.802] 61.853
[0.3, 0.2, 0.326, 1.526, -0.532, 0.774] 77.791
[0.3, 0.2, 0.355, 1.555, -0.56, 0.745] 76.92
[0.3, 0.2, 0.384, 1.584, -0.589, 0.716] 62.263
[0.3, 0.2, 0.413, 1.613, -0.618, 0.687] 63.21
[0.3, 0.2, 0.442, 1.641, -0.647, 0.658] 61.684
[0.3, 0.2, 0.47, 1.67, -0.676, 0.63] 78.843
[0.3, 0.2, 0.499, 1.699, -0.704, 0.601] 77.139
[0.3, 0.2, 0.528, 1.728, -0.733, 0.572] 62.193
[0.3, 0.2, 0.557, 1.757, -0.762, 0.543] 60.135
[0.3, 0.2, 0.586, 1.785, -0.791, 0.515] 60.681
[0.3, 0.2, 0.614, 1.814, -0.82, 0.486] 63.368
[0.3, 0.2, 0.643, 1.843, -0.848, 0.457] 77.955
[0.3, 0.2, 0.672, 1.871, -0.877, 0.428] 62.26
[0.3, 0.2, 0.701, 1.887, -0.906, 0.399] 61.944
[0.3, 0.2, 0.73, 1.894, -0.935, 0.371] 61.96
[0.3, 0.2, 0.758, 1.897, -0.964, 0.342] 92.602
[0.3, 0.2, 0.787, 1.899, -0.992, 0.313] 61.644
[0.3, 0.2, 0.816, 1.899, -1.021, 0.284] 78.202
[0.3, 0.2, 0.845, 1.9, -1.05, 0.255] 63.204
[0.3, 0.2, 0.874, 1.9, -1.079, 0.227] 62.531
[0.3, 0.2, 0.902, 1.9, -1.108, 0.198] 77.352
[0.3, 0.2, 0.931, 1.9, -1.136, 0.169] 76.585
[0.3, 0.2, 0.96, 1.9, -1.165, 0.14] 62.434
[0.3, 0.2, 0.989, 1.9, -1.194, 0.111] 51.906
[0.3, 0.2, 1.018, 1.9, -1.223, 0.083] 72.934
[0.3, 0.2, 1.046, 1.9, -1.252, 0.054] 63.156
[0.3, 0.2, 1.075, 1.9, -1.28, 0.027] 60.084
[0.3, 0.2, 1.104, 1.9, -1.309, 0.012] 62.347
[0.3, 0.2, 1.133, 1.9, -1.338, 0.006] 61.268
[0.3, 0.2, 1.162, 1.9, -1.367, 0.003] 61.351
[0.3, 0.2, 1.182, 1.9, -1.385, 0.001] 78.326
[0.3, 0.2, 1.192, 1.9, -1.393, 0.001] 63.326
[0.329, 0.171, 1.163, 1.871, -1.364, 0.029] 62.758
[0.358, 0.142, 1.134, 1.842, -1.335, 0.058] 61.572
[0.386, 0.114, 1.105, 1.814, -1.316, 0.087] 77.628
[0.415, 0.085, 1.077, 1.785, -1.308, 0.116] 63.697
[0.444, 0.056, 1.048, 1.756, -1.303, 0.145] 61.481
[0.473, 0.027, 1.019, 1.727, -1.302, 0.173] 61.02
[0.502, -0.002, 0.99, 1.698, -1.301, 0.202] 77.682
[0.53, -0.03, 0.961, 1.67, -1.3, 0.231] 61.332
[0.559, -0.059, 0.933, 1.641, -1.3, 0.26] 61.979
[0.588, -0.088, 0.904, 1.612, -1.3, 0.289] 62.233
[0.617, -0.117, 0.875, 1.583, -1.3, 0.317] 62.012
[0.646, -0.146, 0.846, 1.554, -1.3, 0.346] 94.64
[0.674, -0.174, 0.817, 1.526, -1.3, 0.375] 60.857
[0.703, -0.203, 0.789, 1.497, -1.3, 0.404] 62.671
[0.732, -0.232, 0.76, 1.468, -1.3, 0.433] 62.677
[0.761, -0.261, 0.731, 1.439, -1.3, 0.461] 75.058
[0.79, -0.282, 0.702, 1.41, -1.3, 0.49] 61.901
[0.818, -0.292, 0.673, 1.382, -1.3, 0.519] 65.147
[0.847, -0.296, 0.645, 1.353, -1.3, 0.548] 60.778
[0.876, -0.298, 0.616, 1.324, -1.3, 0.577] 77.601
[0.905, -0.299, 0.587, 1.295, -1.3, 0.605] 62.849
[0.934, -0.3, 0.558, 1.266, -1.3, 0.634] 62.122
[0.962, -0.3, 0.53, 1.238, -1.3, 0.663] 62.427
[0.991, -0.3, 0.514, 1.209, -1.3, 0.692] 61.513
[1.02, -0.3, 0.506, 1.18, -1.3, 0.721] 109.886
[1.049, -0.3, 0.503, 1.151, -1.3, 0.749] 77.581
[1.078, -0.3, 0.501, 1.122, -1.3, 0.778] 77.235
[1.106, -0.3, 0.501, 1.094, -1.3, 0.807] 48.497
[1.135, -0.3, 0.5, 1.065, -1.3, 0.836] 75.728
[1.164, -0.3, 0.5, 1.036, -1.3, 0.865] 62.525
[1.193, -0.3, 0.5, 1.007, -1.3, 0.893] 61.315
[1.222, -0.3, 0.5, 0.978, -1.3, 0.922] 77.118
[1.25, -0.3, 0.5, 0.95, -1.3, 0.951] 60.747
[1.279, -0.3, 0.5, 0.921, -1.3, 0.976] 60.868
[1.308, -0.3, 0.5, 0.892, -1.3, 0.989] 63.05
[1.337, -0.3, 0.5, 0.863, -1.3, 0.995] 77.026
[1.366, -0.3, 0.5, 0.834, -1.3, 0.998] 61.969
[1.394, -0.3, 0.5, 0.806, -1.3, 0.999] 55.359
[1.423, -0.3, 0.5, 0.777, -1.3, 1.0] 68.697
[1.452, -0.3, 0.5, 0.748, -1.3, 1.0] 75.577
[1.481, -0.3, 0.5, 0.719, -1.3, 1.0] 62.699
[1.51, -0.3, 0.5, 0.691, -1.3, 1.0] 63.102
[1.538, -0.3, 0.5, 0.662, -1.3, 1.0] 61.951
[1.567, -0.3, 0.5, 0.633, -1.3, 1.0] 77.035
[1.596, -0.3, 0.5, 0.604, -1.3, 1.0] 62.794
[1.625, -0.3, 0.5, 0.575, -1.3, 1.0] 60.729
[1.654, -0.3, 0.5, 0.547, -1.3, 1.0] 64.37
[1.682, -0.3, 0.5, 0.518, -1.3, 1.0] 61.745
[1.711, -0.3, 0.5, 0.489, -1.3, 1.0] 92.299
[1.74, -0.3, 0.5, 0.46, -1.3, 1.0] 61.785
[1.769, -0.3, 0.5, 0.431, -1.3, 1.0] 65.02
[1.798, -0.3, 0.5, 0.403, -1.3, 1.0] 75.307
[1.826, -0.3, 0.5, 0.374, -1.3, 1.0] 63.106
[1.855, -0.3, 0.5, 0.345, -1.3, 1.0] 64.341
[1.884, -0.3, 0.5, 0.316, -1.3, 1.0] 59.656
[1.913, -0.3, 0.5, 0.287, -1.3, 1.0] 62.469
[1.942, -0.3, 0.5, 0.259, -1.3, 1.0] 77.31
[1.97, -0.3, 0.5, 0.23, -1.3, 1.0] 64.305
[1.986, -0.3, 0.5, 0.201, -1.3, 1.0] 75.481
[1.994, -0.3, 0.5, 0.172, -1.3, 1.0] 60.904
[1.997, -0.3, 0.5, 0.143, -1.3, 1.0] 57.118
[1.999, -0.3, 0.5, 0.115, -1.3, 1.0] 60.26
[1.999, -0.3, 0.5, 0.086, -1.3, 1.0] 68.851
[2.0, -0.3, 0.5, 0.057, -1.3, 1.0] 70.066
[2.0, -0.3, 0.5, 0.028, -1.3, 1.0] 67.75
[2.0, -0.3, 0.5, -0.001, -1.3, 1.0] 55.303
[2.0, -0.3, 0.5, -0.029, -1.3, 1.0] 67.662
[2.0, -0.3, 0.5, -0.058, -1.3, 1.0] 76.309
[2.0, -0.3, 0.5, -0.087, -1.3, 1.0] 61.559
[2.0, -0.3, 0.5, -0.116, -1.3, 1.0] 61.528
[2.0, -0.3, 0.5, -0.145, -1.3, 1.0] 62.616
[2.0, -0.3, 0.5, -0.173, -1.3, 1.0] 77.535
[2.0, -0.3, 0.5, -0.202, -1.3, 1.0] 78.83
[2.0, -0.3, 0.5, -0.231, -1.3, 1.0] 59.649
[2.0, -0.3, 0.5, -0.26, -1.3, 1.0] 80.054
[2.0, -0.3, 0.5, -0.289, -1.3, 1.0] 62.174
[2.0, -0.3, 0.5, -0.317, -1.3, 1.0] 61.626
[2.0, -0.3, 0.5, -0.346, -1.3, 1.0] 61.775
[2.0, -0.3, 0.5, -0.375, -1.3, 1.0] 62.472
[2.0, -0.3, 0.5, -0.404, -1.3, 1.0] 80.863
[2.0, -0.3, 0.5, -0.433, -1.3, 1.0] 61.19
[2.0, -0.3, 0.5, -0.461, -1.3, 1.0] 62.112
[2.0, -0.3, 0.5, -0.49, -1.3, 1.0] 76.051
[2.0, -0.3, 0.5, -0.519, -1.3, 1.0] 53.972
[2.0, -0.3, 0.5, -0.548, -1.3, 1.0] 59.94
[2.0, -0.3, 0.5, -0.577, -1.3, 1.0] 70.73
[2.0, -0.3, 0.5, -0.605, -1.3, 1.0] 63.534
[2.0, -0.3, 0.5, -0.634, -1.3, 1.0] 60.972
[2.0, -0.3, 0.5, -0.663, -1.3, 1.0] 51.063
[2.0, -0.3, 0.5, -0.692, -1.3, 1.0] 67.135
[2.0, -0.3, 0.5, -0.721, -1.3, 1.0] 67.585
[2.0, -0.3, 0.5, -0.749, -1.3, 1.0] 61.47
[2.0, -0.3, 0.5, -0.778, -1.3, 1.0] 59.276
[2.0, -0.3, 0.5, -0.807, -1.3, 1.0] 59.953
[2.0, -0.3, 0.5, -0.836, -1.3, 1.0] 82.591
[2.0, -0.3, 0.5, -0.865, -1.3, 1.0] 60.75
[2.0, -0.3, 0.5, -0.893, -1.3, 1.0] 64.607
[2.0, -0.3, 0.5, -0.922, -1.3, 1.0] 54.995
[2.0, -0.3, 0.5, -0.951, -1.3, 1.0] 82.026
[2.0, -0.3, 0.5, -0.98, -1.3, 1.0] 59.692
[2.0, -0.3, 0.5, -1.009, -1.3, 1.0] 69.414
[2.0, -0.3, 0.5, -1.037, -1.3, 1.0] 58.965
[2.0, -0.3, 0.5, -1.066, -1.3, 1.0] 79.405
[2.0, -0.3, 0.5, -1.095, -1.3, 1.0] 62.385
[2.0, -0.3, 0.5, -1.124, -1.3, 1.0] 63.508
[2.0, -0.3, 0.5, -1.153, -1.3, 1.0] 75.153
[2.0, -0.3, 0.5, -1.181, -1.3, 1.0] 62.495
[2.0, -0.3, 0.5, -1.21, -1.3, 1.0] 61.071
[2.0, -0.3, 0.5, -1.239, -1.3, 1.0] 61.241
[2.0, -0.3, 0.5, -1.268, -1.3, 1.0] 64.052
[2.0, -0.3, 0.5, -1.297, -1.3, 1.0] 76.23
[2.0, -0.3, 0.5, -1.325, -1.3, 1.0] 85.059
[2.0, -0.3, 0.5, -1.354, -1.3, 1.0] 60.363
[2.0, -0.3, 0.5, -1.383, -1.3, 1.0] 59.345
[2.0, -0.3, 0.5, -1.412, -1.3, 1.0] 68.846
[2.0, -0.3, 0.5, -1.441, -1.3, 1.0] 81.903
[2.0, -0.3, 0.5, -1.469, -1.3, 1.0] 63.026
[2.0, -0.3, 0.5, -1.498, -1.3, 1.0] 55.823
[2.0, -0.3, 0.5, -1.527, -1.3, 1.0] 68.437
[2.0, -0.3, 0.5, -1.556, -1.3, 1.0] 79.82
[2.0, -0.3, 0.5, -1.585, -1.3, 1.0] 62.751
[2.0, -0.3, 0.5, -1.613, -1.3, 1.0] 50.391
[2.0, -0.3, 0.5, -1.642, -1.3, 1.0] 68.984
[2.0, -0.3, 0.5, -1.671, -1.3, 1.0] 64.655
[2.0, -0.3, 0.5, -1.7, -1.3, 1.0] 62.373
[2.0, -0.3, 0.5, -1.726, -1.3, 1.0] 77.731
[2.0, -0.3, 0.5, -1.739, -1.3, 1.0] 76.12
[2.0, -0.3, 0.5, -1.745, -1.3, 1.0] 62.848
[1.971, -0.271, 0.471, -1.716, -1.271, 0.971] 63.838
[1.942, -0.242, 0.442, -1.687, -1.242, 0.942] 61.878
[1.914, -0.214, 0.414, -1.658, -1.214, 0.914] 78.406
[1.885, -0.185, 0.385, -1.63, -1.185, 0.885] 63.335
[1.856, -0.156, 0.356, -1.601, -1.156, 0.856] 59.522
[1.827, -0.127, 0.327, -1.572, -1.127, 0.827] 63.977
[1.798, -0.098, 0.298, -1.543, -1.098, 0.798] 77.091
[1.77, -0.07, 0.27, -1.514, -1.07, 0.77] 63.063
[1.741, -0.041, 0.241, -1.486, -1.041, 0.741] 61.973
[1.712, -0.019, 0.212, -1.457, -1.012, 0.712] 61.222
[1.683, -0.009, 0.183, -1.428, -0.983, 0.683] 78.016
[1.654, -0.004, 0.154, -1.399, -0.954, 0.654] 79.621
[1.626, -0.002, 0.126, -1.37, -0.926, 0.626] 62.739
[1.597, -0.001, 0.097, -1.342, -0.897, 0.597] 62.52
[1.568, -0.0, 0.068, -1.313, -0.868, 0.568] 61.716
[1.539, -0.0, 0.039, -1.284, -0.839, 0.539] 76.195
[1.51, -0.0, 0.018, -1.255, -0.81, 0.51] 62.115
[1.482, -0.0, 0.008, -1.226, -0.782, 0.482] 62.423
[1.453, -0.0, 0.004, -1.198, -0.753, 0.453] 77.402
[1.424, -0.0, 0.002, -1.169, -0.724, 0.424] 62.136
[1.395, -0.0, 0.001, -1.14, -0.695, 0.395] 60.723
[1.366, -0.0, 0.0, -1.111, -0.666, 0.366] 62.303
[1.338, 0.0, 0.0, -1.082, -0.638, 0.338] 63.805
[1.309, 0.0, 0.0, -1.054, -0.609, 0.309] 78.109
[1.28, -0.0, 0.0, -1.025, -0.58, 0.28] 78.343
[1.251, 0.0, 0.0, -0.996, -0.551, 0.251] 64.41
[1.222, -0.0, 0.0, -0.967, -0.522, 0.222] 60.489
[1.194, -0.0, 0.0, -0.938, -0.494, 0.194] 62.142
[1.165, -0.0, 0.0, -0.91, -0.465, 0.165] 78.399
[1.136, -0.0, 0.0, -0.881, -0.436, 0.136] 61.557
[1.107, -0.0, -0.0, -0.852, -0.407, 0.107] 62.029
[1.078, -0.0, 0.0, -0.823, -0.378, 0.078] 77.777
[1.05, -0.0, 0.0, -0.794, -0.35, 0.05] 62.747
[1.021, -0.0, 0.0, -0.766, -0.321, 0.024] 61.51
[0.992, -0.0, 0.0, -0.737, -0.292, 0.011] 62.643
[0.963, -0.0, 0.0, -0.708, -0.263, 0.005] 76.852
[0.934, -0.0, 0.0, -0.679, -0.234, 0.002] 58.021
[0.906, -0.0, 0.0, -0.65, -0.206, 0.001] 53.564
[0.877, -0.0, 0.0, -0.622, -0.177, 0.001] 76.351
[0.848, -0.0, 0.0, -0.593, -0.148, 0.0] 76.021
[0.819, -0.0, 0.0, -0.564, -0.119, 0.0] 49.771
[0.79, -0.0, 0.0, -0.535, -0.09, 0.0] 73.275
[0.762, -0.0, 0.0, -0.506, -0.062, 0.0] 63.169
[0.733, -0.0, 0.0, -0.478, -0.033, 0.0] 78.691
[0.704, -0.0, 0.0, -0.449, -0.015, 0.0] 62.522
[0.675, -0.0, 0.0, -0.42, -0.007, 0.0] 61.793
[0.646, -0.0, 0.0, -0.391, -0.003, -0.0] 61.515
[0.618, -0.0, 0.0, -0.362, -0.002, -0.0] 62.586
[0.589, -0.0, 0.0, -0.334, -0.001, 0.0] 92.015
[0.56, -0.0, 0.0, -0.305, -0.0, -0.0] 62.734
[0.531, -0.0, 0.0, -0.276, -0.0, -0.0] 61.443
[0.502, -0.0, 0.0, -0.247, -0.0, 0.0] 62.566
[0.474, -0.0, 0.0, -0.218, -0.0, 0.0] 62.206
[0.445, -0.0, 0.0, -0.19, 0.0, -0.0] 77.597
[0.416, -0.0, 0.0, -0.161, -0.0, 0.0] 78.41
[0.387, -0.0, 0.0, -0.132, 0.0, -0.0] 62.633
[0.358, -0.0, 0.0, -0.103, -0.0, 0.0] 61.342
[0.33, -0.0, 0.0, -0.074, 0.0, 0.0] 62.673
[0.301, -0.0, 0.0, -0.046, 0.0, -0.0] 75.213
[0.272, -0.0, 0.0, -0.021, -0.0, 0.0] 59.76
[0.243, -0.0, 0.0, -0.01, -0.0, 0.0] 61.539
[0.214, -0.0, 0.0, -0.005, 0.0, 0.0] 63.418
[0.186, -0.0, 0.0, -0.002, 0.0, 0.0] 93.073
[0.157, -0.0, 0.0, -0.001, -0.0, -0.0] 77.969
[0.128, -0.0, 0.0, -0.0, -0.0, -0.0] 76.53
[0.099, -0.0, 0.0, -0.0, 0.0, -0.0] 61.733
[0.07, -0.0, 0.0, -0.0, -0.0, -0.0] 61.036
[0.042, -0.0, 0.0, -0.0, -0.0, -0.0] 62.836
[0.019, -0.0, 0.0, -0.0, -0.0, -0.0] 60.733
[0.009, -0.0, 0.0, -0.0, -0.0, -0.0] 62.855
