[0.0, -0.0, -0.003, -0.0, -0.0, -0.0] 60.073
[0.0, 0.029, -0.032, -0.0, -0.0, -0.0] 63.332
[0.0, 0.058, -0.061, -0.0, -0.0, -0.0] 63.664
[0.0, 0.086, -0.09, -0.0, -0.0, -0.0] 64.184
[0.0, 0.115, -0.119, -0.0, -0.0, -0.0] 79.773
[0.0, 0.144, -0.147, -0.0, -0.0, -0.0] 63.925
[0.0, 0.173, -0.176, -0.0, -0.0, -0.0] 63.073
[0.0, 0.202, -0.205, -0.0, -0.0, -0.0] 64.246
[0.0, 0.23, -0.234, -0.0, -0.0, -0.0] 79.872
[0.0, 0.259, -0.263, -0.0, -0.0, -0.0] 63.89
[0.0, 0.288, -0.291, -0.0, -0.0, -0.0] 64.03
[0.0, 0.317, -0.32, -0.0, -0.0, -0.0] 48.324
[0.0, 0.346, -0.349, -0.0, 0.0, -0.0] 79.437
[0.0, 0.374, -0.378, -0.0, 0.0, -0.0] 78.318
[0.0, 0.403, -0.407, -0.0, 0.0, -0.0] 79.943
[0.0, 0.432, -0.435, -0.0, 0.0, -0.0] 64.094
[0.0, 0.461, -0.464, -0.0, 0.0, -0.0] 64.113
[0.0, 0.482, -0.493, 0.0, 0.0, -0.0] 63.199
[0.0, 0.492, -0.522, 0.0, 0.0, -0.0] 80.525
[0.0, 0.496, -0.551, 0.0, 0.0, -0.0] 79.746
[0.0, 0.498, -0.579, 0.0, 0.0, -0.0] 63.54
[0.0, 0.499, -0.608, 0.0, 0.0, 0.0] 64.353
[0.0, 0.5, -0.637, 0.0, 0.0, -0.0] 63.978
[0.0, 0.5, -0.666, 0.0, 0.0, -0.0] 63.247
[0.0, 0.5, -0.695, 0.0, 0.0, -0.0] 79.938
[0.0, 0.5, -0.723, 0.0, 0.0, -0.0] 79.53
[0.0, 0.5, -0.752, 0.0, 0.0, 0.0] 63.501
[0.0, 0.5, -0.781, 0.0, 0.0, 0.0] 62.938
[0.0, 0.5, -0.81, 0.0, 0.0, 0.0] 64.466
[0.0, 0.5, -0.839, 0.0, 0.0, 0.0] 63.05
[0.0, 0.5, -0.867, 0.0, 0.0, 0.0] 79.296
[0.0, 0.5, -0.896, 0.0, 0.0, 0.0] 64.09
[0.0, 0.5, -0.925, 0.0, 0.0, 0.0] 63.21
[0.0, 0.5, -0.954, 0.0, 0.0, 0.0] 63.188
[0.0, 0.5, -0.983, 0.0, 0.0, 0.0] 63.898
[0.0, 0.5, -1.011, 0.0, 0.0, 0.0] 79.921
[0.0, 0.5, -1.04, -0.0, 0.0, 0.0] 64.202
[0.0, 0.5, -1.069, 0.0, 0.0, 0.0] 64.178
[0.0, 0.5, -1.098, -0.0, 0.0, 0.0] 79.395
[0.0, 0.5, -1.127, 0.0, 0.0, 0.0] 63.857
[0.0, 0.5, -1.155, 0.0, 0.0, 0.0] 64.159
[0.0, 0.5, -1.184, 0.0, 0.0, 0.0] 64.061
[0.0, 0.5, -1.213, 0.0, 0.0, 0.0] 62.67
[0.0, 0.5, -1.233, 0.0, 0.0, 0.0] 78.954
[0.0, 0.5, -1.242, 0.0, 0.0, 0.0] 80.074
[0.029, 0.471, -1.213, 0.0, 0.0, -0.004] 64.286
[0.058, 0.442, -1.184, 0.0, 0.0, -0.006] 64.109
[0.086, 0.414, -1.156, 0.0, 0.0, -0.006] 79.973
[0.115, 0.385, -1.127, 0.0, 0.0, -0.007] 62.781
[0.144, 0.356, -1.098, 0.0, 0.0, -0.007] 63.194
[0.173, 0.327, -1.069, 0.0, 0.0, -0.007] 64.121
[0.202, 0.298, -1.041, 0.0, 0.0, -0.007] 63.54
[0.23, 0.27, -1.012, 0.0, 0.0, -0.007] 80.496
[0.259, 0.241, -0.983, 0.0, 0.0, -0.007] 79.409
[0.288, 0.212, -0.954, 0.0, 0.0, -0.007] 64.243
[0.317, 0.183, -0.925, 0.0, 0.0, -0.007] 63.886
[0.346, 0.154, -0.897, 0.0, 0.0, -0.007] 63.729
[0.374, 0.126, -0.868, 0.0, 0.0, -0.007] 80.471
[0.403, 0.097, -0.839, 0.0, 0.0, -0.007] 64.165
[0.432, 0.068, -0.81, 0.0, 0.0, -0.007] 63.639
[0.461, 0.039, -0.781, 0.0, -0.0, -0.007] 64.39
[0.49, 0.01, -0.753, 0.0, 0.0, -0.007] 78.978
[0.518, -0.018, -0.724, 0.0, 0.0, -0.007] 79.292
[0.547, -0.047, -0.695, 0.0, 0.0, -0.007] 64.183
[0.576, -0.076, -0.666, 0.0, 0.0, -0.007] 63.978
[0.605, -0.105, -0.637, 0.0, 0.0, -0.007] 65.576
[0.634, -0.134, -0.609, 0.0, 0.0, -0.007] 78.293
[0.662, -0.162, -0.58, 0.0, -0.0, -0.007] 63.153
[0.691, -0.191, -0.551, 0.0, -0.0, -0.007] 63.599
[0.72, -0.218, -0.522, 0.0, -0.0, -0.007] 65.181
[0.749, -0.232, -0.493, 0.0, -0.0, -0.007] 79.546
[0.778, -0.238, -0.465, 0.0, -0.0, -0.007] 80.365
[0.806, -0.241, -0.436, 0.0, -0.0, -0.007] 62.115
[0.835, -0.243, -0.407, 0.0, -0.0, -0.007] 63.559
[0.864, -0.243, -0.378, -0.0, -0.0, -0.007] 64.171
[0.893, -0.244, -0.349, -0.0, -0.0, -0.007] 79.85
[0.922, -0.244, -0.321, -0.0, -0.0, -0.007] 63.746
[0.95, -0.244, -0.292, -0.0, -0.0, -0.007] 63.653
[0.974, -0.244, -0.263, -0.0, -0.0, -0.007] 79.554
[0.985, -0.244, -0.234, -0.0, 0.0, -0.007] 64.303
[0.991, -0.244, -0.205, -0.0, -0.0, -0.007] 48.817
[0.993, -0.244, -0.177, -0.0, -0.0, -0.007] 62.601
[0.994, -0.244, -0.148, -0.0, -0.0, -0.007] 95.763
[0.995, -0.244, -0.119, -0.0, -0.0, -0.007] 63.795
[0.995, -0.244, -0.09, -0.0, -0.0, -0.007] 63.658
[0.995, -0.244, -0.061, -0.0, -0.0, -0.007] 64.963
[0.995, -0.244, -0.033, -0.0, -0.0, -0.007] 61.43
[0.995, -0.244, -0.004, -0.0, -0.0, -0.007] 96.255
[0.995, -0.244, 0.025, -0.0, -0.0, -0.007] 63.538
[0.995, -0.244, 0.054, -0.0, -0.0, -0.007] 63.85
[0.995, -0.244, 0.083, -0.0, -0.0, -0.007] 64.264
[0.995, -0.244, 0.111, -0.0, -0.0, -0.007] 63.468
[0.995, -0.244, 0.14, -0.0, -0.0, -0.007] 63.87
[0.995, -0.244, 0.169, -0.0, -0.0, -0.007] 81.679
[0.995, -0.244, 0.198, -0.0, -0.0, -0.007] 94.954
[0.995, -0.244, 0.227, -0.0, -0.0, -0.007] 63.658
[0.995, -0.244, 0.255, -0.0, -0.0, -0.007] 64.304
[0.995, -0.244, 0.284, -0.0, -0.0, -0.007] 63.764
[0.995, -0.244, 0.313, 0.0, -0.0, -0.007] 64.595
[0.995, -0.244, 0.342, 0.0, -0.0, -0.007] 80.257
[0.995, -0.244, 0.371, 0.0, -0.0, -0.007] 79.671
[0.995, -0.244, 0.399, 0.0, -0.0, -0.007] 63.123
[0.995, -0.244, 0.428, 0.0, -0.0, -0.007] 64.288
[0.995, -0.244, 0.457, 0.0, -0.0, -0.007] 64.291
[0.995, -0.244, 0.486, 0.0, -0.0, -0.007] 80.402
[0.995, -0.244, 0.515, 0.0, -0.0, -0.007] 63.558
[0.995, -0.244, 0.543, 0.0, -0.0, -0.007] 64.25
[0.995, -0.244, 0.572, 0.0, -0.0, -0.007] 63.475
[0.995, -0.244, 0.601, 0.0, -0.0, -0.007] 79.913
[0.995, -0.244, 0.63, 0.0, -0.0, -0.007] 80.636
[0.995, -0.244, 0.659, 0.0, -0.0, -0.007] 63.948
[0.995, -0.244, 0.687, 0.0, -0.0, -0.007] 63.497
[0.995, -0.244, 0.716, 0.0, -0.0, -0.007] 64.158
[0.995, -0.244, 0.745, 0.0, -0.0, -0.007] 80.247
[0.995, -0.244, 0.774, 0.0, -0.0, -0.007] 64.382
[0.995, -0.244, 0.803, 0.0, -0.0, -0.007] 63.605
[0.995, -0.244, 0.831, 0.0, -0.0, -0.007] 63.602
[0.995, -0.244, 0.86, 0.0, -0.0, -0.007] 80.181
[0.995, -0.244, 0.889, 0.0, -0.0, -0.007] 80.025
[0.995, -0.244, 0.918, 0.0, -0.0, -0.007] 63.812
[0.995, -0.244, 0.947, -0.0, -0.0, -0.007] 48.454
[0.995, -0.244, 0.973, -0.0, -0.0, -0.007] 64.028
[0.995, -0.244, 0.988, -0.0, -0.0, -0.007] 95.777
[0.995, -0.244, 0.994, -0.0, -0.0, -0.007] 80.004
[0.966, -0.273, 0.966, -0.029, -0.029, -0.002] 63.126
[0.937, -0.302, 0.937, -0.058, -0.058, 0.001] 62.792
[0.909, -0.33, 0.908, -0.086, -0.086, 0.002] 64.216
[0.88, -0.359, 0.879, -0.115, -0.115, 0.003] 79.853
[0.851, -0.388, 0.85, -0.144, -0.144, 0.003] 63.955
[0.822, -0.417, 0.822, -0.173, -0.173, 0.003] 64.32
[0.793, -0.446, 0.793, -0.202, -0.202, 0.003] 64.495
[0.765, -0.474, 0.764, -0.23, -0.23, 0.003] 79.176
[0.736, -0.503, 0.735, -0.259, -0.259, 0.003] 97.084
[0.707, -0.532, 0.706, -0.288, -0.288, 0.003] 62.681
[0.678, -0.561, 0.688, -0.317, -0.317, 0.003] 64.677
[0.649, -0.578, 0.68, -0.346, -0.346, 0.003] 63.596
[0.621, -0.585, 0.676, -0.374, -0.374, 0.003] 63.264
[0.592, -0.589, 0.675, -0.403, -0.403, 0.003] 80.258
[0.563, -0.591, 0.674, -0.432, -0.432, 0.003] 63.904
[0.534, -0.591, 0.673, -0.461, -0.461, 0.003] 62.871
[0.505, -0.592, 0.673, -0.49, -0.49, 0.003] 63.962
[0.477, -0.592, 0.673, -0.518, -0.518, 0.003] 79.482
[0.448, -0.592, 0.673, -0.547, -0.547, 0.003] 64.154
[0.419, -0.592, 0.673, -0.576, -0.576, 0.003] 80.092
[0.39, -0.592, 0.673, -0.605, -0.605, 0.003] 64.004
[0.361, -0.592, 0.673, -0.634, -0.634, 0.003] 64.148
[0.333, -0.592, 0.673, -0.662, -0.662, 0.003] 63.909
[0.304, -0.592, 0.673, -0.691, -0.691, 0.003] 80.084
[0.275, -0.592, 0.673, -0.72, -0.72, 0.003] 63.33
[0.246, -0.592, 0.673, -0.749, -0.749, 0.003] 62.954
[0.217, -0.592, 0.673, -0.778, -0.778, 0.003] 63.621
[0.189, -0.592, 0.673, -0.806, -0.806, 0.003] 79.805
[0.16, -0.592, 0.673, -0.835, -0.835, 0.003] 63.421
[0.131, -0.592, 0.673, -0.864, -0.864, 0.003] 62.55
[0.112, -0.592, 0.673, -0.893, -0.893, 0.003] 64.622
[0.103, -0.592, 0.673, -0.922, -0.922, 0.003] 79.957
[0.099, -0.592, 0.673, -0.95, -0.95, 0.003] 63.781
[0.098, -0.592, 0.673, -0.979, -0.979, 0.003] 63.661
[0.097, -0.592, 0.673, -1.008, -1.008, 0.003] 64.421
[0.096, -0.592, 0.673, -1.037, -1.037, 0.003] 79.902
[0.096, -0.592, 0.673, -1.066, -1.066, 0.003] 64.197
[0.096, -0.592, 0.673, -1.094, -1.094, 0.003] 63.954
[0.096, -0.592, 0.673, -1.123, -1.123, 0.003] 63.781
[0.096, -0.592, 0.673, -1.152, -1.152, 0.003] 79.623
[0.096, -0.592, 0.673, -1.181, -1.181, 0.003] 64.255
[0.096, -0.592, 0.673, -1.21, -1.21, 0.003] 79.785
[0.096, -0.592, 0.673, -1.238, -1.238, 0.003] 64.319
[0.096, -0.592, 0.673, -1.267, -1.267, 0.003] 64.3
[0.096, -0.592, 0.673, -1.296, -1.296, 0.003] 63.647
[0.096, -0.592, 0.673, -1.325, -1.325, 0.003] 79.924
[0.096, -0.592, 0.673, -1.354, -1.354, 0.003] 63.385
[0.096, -0.592, 0.673, -1.382, -1.382, 0.003] 63.934
[0.096, -0.592, 0.673, -1.411, -1.411, 0.003] 63.897
[0.096, -0.592, 0.673, -1.44, -1.44, 0.003] 79.34
[0.096, -0.592, 0.673, -1.469, -1.469, 0.003] 63.435
[0.096, -0.592, 0.673, -1.498, -1.485, 0.003] 63.834
[0.096, -0.592, 0.673, -1.526, -1.493, 0.003] 64.515
[0.096, -0.592, 0.673, -1.555, -1.496, 0.003] 63.983
[0.096, -0.592, 0.673, -1.584, -1.498, 0.003] 95.707
[0.096, -0.592, 0.673, -1.613, -1.498, 0.003] 63.785
[0.096, -0.592, 0.673, -1.642, -1.499, 0.003] 64.467
[0.096, -0.592, 0.673, -1.67, -1.499, 0.003] 63.504
[0.096, -0.592, 0.673, -1.699, -1.499, 0.003] 79.772
[0.096, -0.592, 0.673, -1.72, -1.499, 0.003] 64.342
[0.096, -0.592, 0.673, -1.73, -1.499, 0.003] 64.424
[0.067, -0.563, 0.644, -1.701, -1.47, 0.003] 63.564
[0.038, -0.534, 0.615, -1.672, -1.441, 0.003] 64.065
[0.018, -0.506, 0.587, -1.643, -1.413, 0.003] 95.08
[0.008, -0.477, 0.558, -1.615, -1.384, 0.003] 63.113
[0.004, -0.448, 0.529, -1.586, -1.355, 0.003] 63.595
[0.002, -0.419, 0.5, -1.557, -1.326, 0.003] 64.453
[0.001, -0.39, 0.471, -1.528, -1.297, 0.003] 78.995
[0.0, -0.362, 0.443, -1.499, -1.269, 0.003] 63.218
[0.0, -0.333, 0.414, -1.471, -1.24, 0.003] 63.742
[0.0, -0.304, 0.385, -1.442, -1.211, 0.003] 64.185
[0.0, -0.275, 0.356, -1.413, -1.182, 0.003] 79.983
[0.0, -0.246, 0.327, -1.384, -1.153, 0.003] 63.798
[0.0, -0.218, 0.299, -1.355, -1.125, 0.003] 63.631
[0.0, -0.189, 0.27, -1.327, -1.096, 0.003] 64.581
[0.0, -0.16, 0.241, -1.298, -1.067, 0.003] 79.782
[0.0, -0.131, 0.212, -1.269, -1.038, 0.003] 79.798
[0.0, -0.102, 0.183, -1.24, -1.009, 0.003] 64.685
[0.0, -0.074, 0.155, -1.211, -0.981, 0.003] 63.763
[0.0, -0.045, 0.126, -1.183, -0.952, 0.003] 64.007
[0.0, -0.016, 0.097, -1.154, -0.923, 0.003] 80.055
[0.0, 0.013, 0.068, -1.125, -0.894, 0.003] 64.115
[0.0, 0.042, 0.039, -1.096, -0.865, 0.003] 63.825
[0.0, 0.07, 0.011, -1.067, -0.837, 0.003] 63.963
[0.0, 0.099, -0.018, -1.039, -0.808, 0.003] 79.519
[0.0, 0.128, -0.047, -1.01, -0.779, 0.003] 64.938
[0.0, 0.157, -0.076, -0.981, -0.75, 0.003] 63.841
[0.0, 0.186, -0.104, -0.952, -0.721, 0.003] 63.955
[0.0, 0.214, -0.133, -0.923, -0.693, 0.003] 79.661
[0.0, 0.243, -0.162, -0.895, -0.664, 0.003] 64.188
[0.0, 0.272, -0.191, -0.866, -0.635, 0.003] 63.732
[0.0, 0.301, -0.22, -0.837, -0.606, 0.003] 63.703
[0.0, 0.33, -0.248, -0.808, -0.577, 0.003] 64.15
[0.0, 0.358, -0.277, -0.779, -0.549, 0.003] 94.658
[0.0, 0.387, -0.306, -0.751, -0.52, 0.003] 79.633
[0.0, 0.416, -0.335, -0.722, -0.491, 0.003] 64.165
[0.0, 0.445, -0.364, -0.693, -0.462, 0.003] 64.397
[0.0, 0.472, -0.392, -0.664, -0.434, 0.003] 63.152
[0.0, 0.487, -0.421, -0.635, -0.405, 0.003] 79.983
[0.0, 0.494, -0.45, -0.607, -0.376, 0.003] 80.318
[0.0, 0.497, -0.479, -0.578, -0.347, 0.003] 64.087
[0.0, 0.499, -0.508, -0.549, -0.318, 0.003] 64.439
[0.0, 0.499, -0.536, -0.52, -0.29, 0.003] 63.587
[0.0, 0.5, -0.565, -0.491, -0.261, 0.003] 79.514
[0.0, 0.5, -0.594, -0.463, -0.232, 0.003] 63.868
[0.0, 0.5, -0.623, -0.434, -0.203, 0.003] 64.59
[0.0, 0.5, -0.652, -0.405, -0.174, 0.003] 64.08
[0.0, 0.5, -0.68, -0.376, -0.146, 0.003] 63.788
[0.0, 0.5, -0.709, -0.347, -0.117, 0.003] 79.501
[0.0, 0.5, -0.738, -0.319, -0.088, 0.003] 64.63
[0.0, 0.5, -0.767, -0.29, -0.059, 0.003] 63.737
[0.0, 0.5, -0.796, -0.261, -0.031, 0.003] 63.856
[0.0, 0.5, -0.824, -0.232, -0.016, 0.003] 64.583
[0.0, 0.5, -0.853, -0.203, -0.009, 0.003] 79.657
[0.0, 0.5, -0.882, -0.175, -0.006, 0.003] 64.043
[0.0, 0.5, -0.911, -0.146, -0.004, 0.003] 63.264
[0.0, 0.5, -0.94, -0.117, -0.004, 0.003] 96.216
[0.0, 0.5, -0.968, -0.088, -0.003, 0.003] 64.688
[0.0, 0.5, -0.997, -0.059, -0.003, 0.003] 63.34
[0.0, 0.5, -1.026, -0.031, -0.003, 0.003] 64.624
[0.0, 0.5, -1.055, -0.014, -0.003, 0.003] 63.757
[0.0, 0.5, -1.084, -0.007, -0.003, 0.003] 79.961
[0.0, 0.5, -1.112, -0.003, -0.003, 0.003] 79.149
[0.0, 0.5, -1.141, -0.001, -0.003, 0.003] 64.125
[0.0, 0.5, -1.17, -0.001, -0.003, 0.003] 64.394
[0.0, 0.5, -1.199, -0.0, -0.003, 0.003] 64.504
[0.0, 0.5, -1.225, -0.0, -0.003, 0.003] 64.12
[0.0, 0.5, -1.238, -0.0, -0.003, 0.003] 79.575
[0.0, 0.5, -1.245, -0.0, -0.003, 0.003] 79.978
[0.0, 0.471, -1.216, -0.0, -0.001, 0.001] 64.09
[0.0, 0.442, -1.187, 0.0, -0.001, 0.001] 63.267
[0.0, 0.414, -1.158, 0.0, -0.0, 0.0] 62.634
[0.0, 0.385, -1.129, 0.0, -0.0, 0.0] 64.543
[0.0, 0.356, -1.101, 0.0, -0.0, 0.0] 95.982
[0.0, 0.327, -1.072, -0.0, -0.0, 0.0] 63.873
[0.0, 0.298, -1.043, 0.0, -0.0, 0.0] 63.5
[0.0, 0.27, -1.014, -0.0, -0.0, 0.0] 64.644
[0.0, 0.241, -0.985, -0.0, -0.0, 0.0] 79.0
[0.0, 0.212, -0.957, 0.0, -0.0, 0.0] 63.558
[0.0, 0.183, -0.928, 0.0, -0.0, -0.0] 64.139
[0.0, 0.154, -0.899, 0.0, -0.0, -0.0] 63.962
[0.0, 0.126, -0.87, 0.0, -0.0, -0.0] 62.899
[0.0, 0.097, -0.842, 0.0, -0.0, 0.0] 95.909
[0.0, 0.068, -0.813, 0.0, -0.0, -0.0] 64.285
[0.0, 0.039, -0.784, 0.0, -0.0, 0.0] 63.798
[0.0, 0.018, -0.755, 0.0, -0.0, -0.0] 64.158
[0.0, 0.008, -0.726, 0.0, -0.0, 0.0] 79.942
[0.0, 0.004, -0.698, 0.0, -0.0, 0.0] 80.001
[0.0, 0.002, -0.669, 0.0, -0.0, -0.0] 62.076
[0.0, 0.001, -0.64, 0.0, -0.0, -0.0] 63.745
[0.0, 0.0, -0.611, 0.0, -0.0, 0.0] 63.859
[0.0, 0.0, -0.582, 0.0, -0.0, -0.0] 80.259
[0.0, 0.0, -0.554, 0.0, -0.0, -0.0] 62.699
[0.0, 0.0, -0.525, 0.0, -0.0, -0.0] 63.312
[0.0, 0.0, -0.496, 0.0, -0.0, -0.0] 64.341
[0.0, 0.0, -0.467, 0.0, -0.0, -0.0] 79.586
[0.0, 0.0, -0.438, 0.0, -0.0, -0.0] 63.681
[0.0, 0.0, -0.41, 0.0, -0.0, -0.0] 64.274
[0.0, 0.0, -0.381, 0.0, -0.0, -0.0] 63.817
[0.0, -0.0, -0.352, 0.0, -0.0, -0.0] 64.515
[0.0, -0.0, -0.323, 0.0, -0.0, -0.0] 79.671
[0.0, -0.0, -0.294, 0.0, -0.0, -0.0] 64.085
[0.0, -0.0, -0.266, 0.0, -0.0, -0.0] 64.111
[0.0, -0.0, -0.237, 0.0, -0.0, -0.0] 64.084
[0.0, -0.0, -0.208, 0.0, -0.0, -0.0] 80.007
[0.0, -0.0, -0.179, 0.0, -0.0, -0.0] 63.335
[0.0, -0.0, -0.15, 0.0, -0.0, -0.0] 63.671
[0.0, -0.0, -0.122, 0.0, -0.0, -0.0] 63.753
[0.0, -0.0, -0.093, 0.0, -0.0, -0.0] 79.642
[0.0, -0.0, -0.064, -0.0, -0.0, -0.0] 63.887
[0.0, -0.0, -0.035, -0.0, -0.0, -0.0] 63.762
[0.0, -0.0, -0.016, -0.0, -0.0, -0.0] 63.845
[0.0, -0.0, -0.008, -0.0, -0.0, -0.0] 64.045
