[-0.0, -0.0, 0.0, -0.0, -0.0, -0.003] 79.462
[0.029, 0.029, -0.029, -0.027, -0.029, -0.032] 62.938
[0.058, 0.058, -0.055, -0.042, -0.058, -0.061] 64.475
[0.086, 0.086, -0.068, -0.048, -0.086, -0.089] 62.863
[0.115, 0.115, -0.074, -0.051, -0.115, -0.118] 78.936
[0.144, 0.144, -0.077, -0.053, -0.144, -0.147] 79.597
[0.173, 0.173, -0.078, -0.053, -0.173, -0.176] 64.32
[0.202, 0.202, -0.078, -0.054, -0.202, -0.205] 63.81
[0.23, 0.23, -0.079, -0.054, -0.23, -0.233] 63.888
[0.259, 0.259, -0.079, -0.054, -0.259, -0.262] 79.725
[0.288, 0.288, -0.079, -0.054, -0.288, -0.291] 64.188
[0.317, 0.317, -0.079, -0.054, -0.317, -0.32] 64.455
[0.346, 0.346, -0.079, -0.054, -0.346, -0.349] 64.099
[0.374, 0.374, -0.079, -0.054, -0.374, -0.377] 79.309
[0.403, 0.403, -0.079, -0.054, -0.403, -0.406] 64.263
[0.432, 0.432, -0.079, -0.054, -0.432, -0.435] 63.337
[0.461, 0.461, -0.079, -0.054, -0.461, -0.464] 63.699
[0.49, 0.49, -0.079, -0.054, -0.49, -0.493] 79.812
[0.518, 0.518, -0.079, -0.054, -0.518, -0.521] 63.495
[0.547, 0.547, -0.079, -0.054, -0.547, -0.55] 63.177
[0.576, 0.571, -0.079, -0.054, -0.576, -0.579] 63.753
[0.605, 0.582, -0.079, -0.054, -0.605, -0.608] 79.922
[0.634, 0.588, -0.079, -0.054, -0.634, -0.637] 63.915
[0.662, 0.59, -0.079, -0.054, -0.662, -0.665] 63.957
[0.691, 0.591, -0.079, -0.054, -0.691, -0.694] 63.626
[0.72, 0.592, -0.079, -0.054, -0.72, -0.723] 79.553
[0.749, 0.592, -0.079, -0.054, -0.736, -0.752] 63.833
[0.778, 0.592, -0.079, -0.054, -0.744, -0.781] 64.325
[0.806, 0.592, -0.079, -0.054, -0.747, -0.809] 63.995
[0.835, 0.592, -0.079, -0.054, -0.749, -0.838] 79.718
[0.864, 0.592, -0.079, -0.054, -0.749, -0.867] 79.993
[0.893, 0.592, -0.079, -0.054, -0.75, -0.896] 62.557
[0.922, 0.592, -0.079, -0.054, -0.75, -0.925] 63.725
[0.95, 0.592, -0.079, -0.054, -0.75, -0.953] 63.853
[0.979, 0.592, -0.079, -0.054, -0.75, -0.982] 80.139
[1.008, 0.592, -0.079, -0.054, -0.75, -1.011] 63.999
[1.037, 0.592, -0.079, -0.054, -0.75, -1.04] 63.974
[1.066, 0.592, -0.079, -0.054, -0.75, -1.069] 63.337
[1.094, 0.592, -0.079, -0.054, -0.75, -1.097] 79.934
[1.123, 0.592, -0.079, -0.054, -0.75, -1.126] 79.539
[1.152, 0.592, -0.079, -0.054, -0.75, -1.155] 64.221
[1.181, 0.592, -0.079, -0.054, -0.75, -1.184] 62.418
[1.21, 0.592, -0.079, -0.054, -0.75, -1.213] 64.398
[1.233, 0.592, -0.079, -0.054, -0.75, -1.241] 79.174
[1.244, 0.592, -0.079, -0.054, -0.75, -1.27] 64.087
[1.249, 0.592, -0.079, -0.054, -0.75, -1.299] 64.441
[1.251, 0.592, -0.079, -0.054, -0.75, -1.328] 63.274
[1.252, 0.592, -0.079, -0.054, -0.75, -1.357] 78.977
[1.253, 0.592, -0.079, -0.054, -0.75, -1.385] 64.132
[1.253, 0.592, -0.079, -0.054, -0.75, -1.414] 64.169
[1.253, 0.592, -0.079, -0.054, -0.75, -1.443] 63.861
[1.253, 0.592, -0.079, -0.054, -0.75, -1.471] 64.205
[1.253, 0.592, -0.079, -0.054, -0.75, -1.487] 95.723
[1.253, 0.592, -0.079, -0.054, -0.75, -1.494] 63.764
[1.224, 0.563, -0.05, -0.083, -0.779, -1.465] 63.23
[1.195, 0.534, -0.021, -0.112, -0.808, -1.436] 63.59
[1.167, 0.506, 0.007, -0.14, -0.836, -1.407] 78.852
[1.138, 0.477, 0.036, -0.169, -0.865, -1.379] 63.573
[1.109, 0.448, 0.065, -0.198, -0.894, -1.35] 63.187
[1.08, 0.419, 0.094, -0.227, -0.923, -1.321] 63.586
[1.051, 0.39, 0.123, -0.256, -0.952, -1.292] 79.995
[1.023, 0.362, 0.151, -0.284, -0.98, -1.263] 64.145
[0.994, 0.333, 0.18, -0.313, -1.009, -1.235] 64.112
[0.965, 0.304, 0.209, -0.342, -1.038, -1.206] 63.586
[0.936, 0.275, 0.238, -0.371, -1.067, -1.177] 80.511
[0.907, 0.246, 0.267, -0.4, -1.095, -1.148] 64.174
[0.879, 0.218, 0.295, -0.428, -1.124, -1.119] 63.469
[0.85, 0.189, 0.324, -0.457, -1.153, -1.091] 63.788
[0.821, 0.16, 0.353, -0.486, -1.182, -1.062] 80.405
[0.792, 0.131, 0.382, -0.515, -1.211, -1.033] 79.693
[0.763, 0.102, 0.411, -0.544, -1.239, -1.004] 63.986
[0.735, 0.074, 0.439, -0.572, -1.268, -0.975] 63.902
[0.706, 0.045, 0.468, -0.601, -1.297, -0.947] 64.545
[0.677, 0.016, 0.497, -0.63, -1.326, -0.918] 80.046
[0.648, -0.013, 0.526, -0.659, -1.355, -0.889] 63.692
[0.619, -0.042, 0.555, -0.688, -1.383, -0.86] 63.882
[0.591, -0.07, 0.583, -0.716, -1.412, -0.831] 64.143
[0.562, -0.099, 0.612, -0.745, -1.441, -0.803] 79.493
[0.533, -0.128, 0.641, -0.774, -1.469, -0.774] 63.585
[0.504, -0.157, 0.658, -0.803, -1.485, -0.745] 64.716
[0.475, -0.186, 0.666, -0.832, -1.493, -0.716] 62.303
[0.447, -0.214, 0.67, -0.86, -1.496, -0.687] 64.158
[0.418, -0.243, 0.672, -0.889, -1.498, -0.659] 95.689
[0.389, -0.272, 0.672, -0.918, -1.498, -0.63] 63.976
[0.36, -0.301, 0.673, -0.947, -1.499, -0.601] 64.416
[0.331, -0.33, 0.673, -0.976, -1.499, -0.572] 63.869
[0.303, -0.358, 0.673, -1.004, -1.499, -0.543] 79.882
[0.274, -0.387, 0.673, -1.033, -1.499, -0.515] 79.546
[0.245, -0.416, 0.673, -1.062, -1.499, -0.486] 64.551
[0.216, -0.445, 0.673, -1.091, -1.499, -0.457] 64.079
[0.187, -0.474, 0.673, -1.12, -1.499, -0.428] 63.863
[0.159, -0.502, 0.673, -1.148, -1.499, -0.399] 64.399
[0.13, -0.531, 0.673, -1.177, -1.499, -0.371] 79.545
[0.112, -0.56, 0.673, -1.206, -1.499, -0.342] 79.997
[0.103, -0.577, 0.673, -1.235, -1.499, -0.313] 63.767
[0.099, -0.585, 0.673, -1.264, -1.499, -0.284] 64.378
[0.098, -0.589, 0.673, -1.292, -1.499, -0.255] 63.687
[0.097, -0.591, 0.673, -1.321, -1.499, -0.227] 63.932
[0.096, -0.591, 0.673, -1.35, -1.499, -0.198] 80.465
[0.096, -0.592, 0.673, -1.376, -1.499, -0.169] 64.654
[0.096, -0.592, 0.673, -1.389, -1.499, -0.14] 63.255
[0.096, -0.592, 0.673, -1.395, -1.499, -0.111] 63.951
[0.096, -0.592, 0.673, -1.398, -1.499, -0.083] 95.663
[0.096, -0.592, 0.673, -1.399, -1.499, -0.054] 78.487
[0.096, -0.592, 0.673, -1.399, -1.499, -0.025] 63.497
[0.096, -0.592, 0.673, -1.4, -1.499, 0.004] 64.135
[0.096, -0.592, 0.673, -1.4, -1.499, 0.033] 64.13
[0.096, -0.592, 0.673, -1.4, -1.499, 0.061] 63.858
[0.096, -0.592, 0.673, -1.4, -1.499, 0.09] 95.376
[0.096, -0.592, 0.673, -1.4, -1.499, 0.119] 63.076
[0.096, -0.592, 0.673, -1.4, -1.499, 0.148] 64.035
[0.096, -0.592, 0.673, -1.4, -1.499, 0.177] 64.139
[0.096, -0.592, 0.673, -1.4, -1.499, 0.205] 79.451
[0.096, -0.592, 0.673, -1.4, -1.499, 0.234] 63.385
[0.096, -0.592, 0.673, -1.4, -1.499, 0.263] 63.079
[0.096, -0.592, 0.673, -1.4, -1.499, 0.292] 63.48
[0.096, -0.592, 0.673, -1.4, -1.499, 0.321] 64.359
[0.096, -0.592, 0.673, -1.4, -1.499, 0.349] 95.614
[0.096, -0.592, 0.673, -1.4, -1.499, 0.378] 63.443
[0.096, -0.592, 0.673, -1.4, -1.499, 0.407] 62.99
[0.096, -0.592, 0.673, -1.4, -1.499, 0.436] 63.86
[0.096, -0.592, 0.673, -1.4, -1.499, 0.465] 80.259
[0.096, -0.592, 0.673, -1.4, -1.499, 0.493] 63.779
[0.096, -0.592, 0.673, -1.4, -1.499, 0.522] 63.699
[0.096, -0.592, 0.673, -1.4, -1.499, 0.551] 63.887
[0.096, -0.592, 0.673, -1.4, -1.499, 0.58] 64.182
[0.096, -0.592, 0.673, -1.4, -1.499, 0.609] 95.81
[0.096, -0.592, 0.673, -1.4, -1.499, 0.637] 64.072
[0.096, -0.592, 0.673, -1.4, -1.499, 0.666] 63.72
[0.096, -0.592, 0.673, -1.4, -1.499, 0.695] 64.121
[0.096, -0.592, 0.673, -1.4, -1.499, 0.724] 79.595
[0.096, -0.592, 0.673, -1.4, -1.499, 0.753] 63.944
[0.096, -0.592, 0.673, -1.4, -1.499, 0.781] 63.767
[0.096, -0.592, 0.673, -1.4, -1.499, 0.81] 63.751
[0.096, -0.592, 0.673, -1.4, -1.499, 0.839] 79.62
[0.096, -0.592, 0.673, -1.4, -1.499, 0.868] 63.683
[0.096, -0.592, 0.673, -1.4, -1.499, 0.897] 47.861
[0.096, -0.592, 0.673, -1.4, -1.499, 0.925] 64.126
[0.096, -0.592, 0.673, -1.4, -1.499, 0.954] 63.356
[0.096, -0.592, 0.673, -1.4, -1.499, 0.983] 95.8
[0.096, -0.592, 0.673, -1.4, -1.499, 1.012] 64.008
[0.096, -0.592, 0.673, -1.4, -1.499, 1.041] 63.96
[0.096, -0.592, 0.673, -1.4, -1.499, 1.069] 64.693
[0.096, -0.592, 0.673, -1.4, -1.499, 1.098] 80.52
[0.096, -0.592, 0.673, -1.4, -1.499, 1.127] 63.467
[0.096, -0.592, 0.673, -1.4, -1.499, 1.156] 63.227
[0.096, -0.592, 0.673, -1.4, -1.499, 1.185] 62.755
[0.096, -0.592, 0.673, -1.4, -1.499, 1.213] 64.087
[0.096, -0.592, 0.673, -1.4, -1.499, 1.242] 97.034
[0.096, -0.592, 0.673, -1.4, -1.499, 1.271] 63.479
[0.096, -0.592, 0.673, -1.4, -1.499, 1.3] 62.645
[0.096, -0.592, 0.673, -1.4, -1.499, 1.329] 63.194
[0.096, -0.592, 0.673, -1.4, -1.499, 1.357] 80.045
[0.096, -0.592, 0.673, -1.4, -1.499, 1.386] 63.692
[0.096, -0.592, 0.673, -1.4, -1.499, 1.415] 63.122
[0.096, -0.592, 0.673, -1.4, -1.499, 1.444] 64.177
[0.096, -0.592, 0.673, -1.4, -1.499, 1.473] 79.463
[0.096, -0.592, 0.673, -1.4, -1.499, 1.501] 63.126
[0.096, -0.592, 0.673, -1.4, -1.499, 1.53] 63.749
[0.096, -0.592, 0.673, -1.4, -1.499, 1.559] 64.676
[0.096, -0.592, 0.673, -1.4, -1.499, 1.588] 79.378
[0.096, -0.592, 0.673, -1.4, -1.499, 1.617] 64.575
[0.096, -0.592, 0.673, -1.4, -1.499, 1.645] 63.497
[0.096, -0.592, 0.673, -1.4, -1.499, 1.674] 64.178
[0.096, -0.592, 0.673, -1.4, -1.499, 1.703] 80.144
[0.096, -0.592, 0.673, -1.4, -1.499, 1.732] 79.869
[0.096, -0.592, 0.673, -1.4, -1.499, 1.761] 63.864
[0.096, -0.592, 0.673, -1.4, -1.499, 1.789] 65.954
[0.096, -0.592, 0.673, -1.4, -1.499, 1.818] 61.811
[0.096, -0.592, 0.673, -1.4, -1.499, 1.847] 48.585
[0.096, -0.592, 0.673, -1.4, -1.499, 1.876] 79.653
[0.096, -0.592, 0.673, -1.4, -1.499, 1.905] 95.969
[0.096, -0.592, 0.673, -1.4, -1.499, 1.933] 64.052
[0.096, -0.592, 0.673, -1.4, -1.499, 1.962] 63.793
[0.096, -0.592, 0.673, -1.4, -1.499, 1.982] 63.841
[0.096, -0.592, 0.673, -1.4, -1.499, 1.992] 62.946
[0.125, -0.563, 0.644, -1.429, -1.47, 1.963] 80.513
[0.154, -0.534, 0.615, -1.458, -1.441, 1.934] 78.835
[0.182, -0.506, 0.587, -1.486, -1.413, 1.906] 64.011
[0.211, -0.477, 0.558, -1.515, -1.384, 1.877] 63.997
[0.24, -0.448, 0.53, -1.539, -1.355, 1.848] 78.413
[0.269, -0.419, 0.514, -1.55, -1.326, 1.819] 47.911
[0.298, -0.39, 0.506, -1.556, -1.297, 1.79] 79.491
[0.326, -0.362, 0.503, -1.558, -1.269, 1.762] 80.083
[0.355, -0.333, 0.501, -1.559, -1.24, 1.733] 80.242
[0.384, -0.304, 0.501, -1.56, -1.211, 1.704] 63.884
[0.413, -0.275, 0.5, -1.56, -1.182, 1.675] 63.831
[0.442, -0.246, 0.5, -1.56, -1.153, 1.646] 64.197
[0.47, -0.218, 0.5, -1.56, -1.125, 1.618] 79.882
[0.499, -0.189, 0.5, -1.56, -1.096, 1.589] 64.181
[0.528, -0.16, 0.5, -1.56, -1.067, 1.56] 63.651
[0.557, -0.131, 0.5, -1.56, -1.038, 1.531] 48.09
[0.586, -0.102, 0.5, -1.56, -1.009, 1.502] 79.41
[0.614, -0.074, 0.5, -1.56, -0.981, 1.474] 96.022
[0.643, -0.045, 0.5, -1.56, -0.952, 1.445] 63.134
[0.672, -0.016, 0.5, -1.56, -0.923, 1.416] 63.693
[0.701, 0.013, 0.5, -1.56, -0.894, 1.387] 63.973
[0.73, 0.042, 0.5, -1.56, -0.865, 1.358] 79.44
[0.758, 0.07, 0.5, -1.56, -0.837, 1.33] 63.794
[0.787, 0.099, 0.5, -1.56, -0.808, 1.301] 64.691
[0.816, 0.128, 0.5, -1.56, -0.779, 1.272] 64.27
[0.845, 0.157, 0.5, -1.56, -0.75, 1.243] 62.97
[0.872, 0.186, 0.5, -1.56, -0.721, 1.214] 64.286
[0.887, 0.214, 0.5, -1.56, -0.693, 1.186] 80.05
[0.894, 0.243, 0.5, -1.56, -0.664, 1.157] 78.989
[0.897, 0.272, 0.5, -1.56, -0.635, 1.128] 63.504
[0.899, 0.301, 0.5, -1.56, -0.606, 1.099] 64.286
[0.899, 0.33, 0.5, -1.56, -0.577, 1.07] 63.575
[0.9, 0.358, 0.5, -1.56, -0.549, 1.042] 79.202
[0.9, 0.387, 0.5, -1.56, -0.52, 1.013] 63.419
[0.9, 0.416, 0.5, -1.56, -0.491, 0.984] 63.776
[0.9, 0.445, 0.5, -1.56, -0.462, 0.955] 64.181
[0.9, 0.472, 0.5, -1.56, -0.433, 0.926] 80.788
[0.9, 0.487, 0.5, -1.56, -0.405, 0.898] 64.036
[0.9, 0.494, 0.5, -1.56, -0.376, 0.869] 63.132
[0.9, 0.497, 0.5, -1.56, -0.347, 0.84] 63.582
[0.9, 0.499, 0.5, -1.56, -0.318, 0.811] 63.464
[0.9, 0.499, 0.5, -1.56, -0.289, 0.782] 95.406
[0.9, 0.5, 0.5, -1.56, -0.261, 0.754] 62.891
[0.9, 0.5, 0.5, -1.56, -0.232, 0.725] 64.627
[0.9, 0.5, 0.5, -1.56, -0.203, 0.696] 63.668
[0.9, 0.5, 0.5, -1.56, -0.174, 0.667] 79.97
[0.9, 0.5, 0.5, -1.56, -0.145, 0.638] 63.74
[0.9, 0.5, 0.5, -1.56, -0.117, 0.61] 63.529
[0.9, 0.5, 0.5, -1.56, -0.088, 0.581] 64.08
[0.9, 0.5, 0.5, -1.56, -0.059, 0.552] 63.673
[0.9, 0.5, 0.5, -1.56, -0.03, 0.523] 95.299
[0.9, 0.5, 0.5, -1.56, -0.002, 0.494] 63.963
[0.9, 0.5, 0.5, -1.56, 0.027, 0.466] 63.62
[0.9, 0.5, 0.5, -1.56, 0.056, 0.437] 64.385
[0.9, 0.5, 0.5, -1.56, 0.085, 0.408] 79.48
[0.9, 0.5, 0.5, -1.56, 0.114, 0.379] 63.55
[0.9, 0.5, 0.5, -1.56, 0.142, 0.35] 64.741
[0.9, 0.5, 0.5, -1.56, 0.171, 0.322] 62.548
[0.9, 0.5, 0.5, -1.56, 0.2, 0.293] 79.059
[0.9, 0.5, 0.5, -1.56, 0.229, 0.264] 79.586
[0.9, 0.5, 0.5, -1.56, 0.258, 0.235] 64.45
[0.9, 0.5, 0.5, -1.56, 0.286, 0.206] 62.083
[0.9, 0.5, 0.5, -1.56, 0.315, 0.178] 64.066
[0.9, 0.5, 0.5, -1.56, 0.344, 0.149] 79.685
[0.9, 0.5, 0.5, -1.56, 0.373, 0.12] 64.486
[0.9, 0.5, 0.5, -1.56, 0.402, 0.091] 63.989
[0.9, 0.5, 0.5, -1.56, 0.43, 0.062] 62.81
[0.9, 0.5, 0.5, -1.56, 0.459, 0.034] 79.034
[0.9, 0.5, 0.5, -1.56, 0.488, 0.016] 80.612
[0.9, 0.5, 0.5, -1.56, 0.517, 0.007] 63.547
[0.9, 0.5, 0.5, -1.56, 0.546, 0.003] 64.282
[0.9, 0.5, 0.5, -1.56, 0.574, 0.002] 63.889
[0.9, 0.5, 0.5, -1.56, 0.603, 0.001] 64.055
[0.9, 0.5, 0.5, -1.56, 0.632, 0.0] 80.032
[0.9, 0.5, 0.5, -1.56, 0.661, 0.0] 80.123
[0.9, 0.5, 0.5, -1.56, 0.682, 0.0] 63.474
[0.9, 0.5, 0.5, -1.56, 0.692, 0.0] 63.264
[0.871, 0.5, 0.471, -1.531, 0.663, 0.0] 79.324
[0.842, 0.5, 0.442, -1.502, 0.634, -0.0] 79.728
[0.814, 0.5, 0.414, -1.474, 0.605, 0.0] 63.767
[0.785, 0.5, 0.385, -1.445, 0.576, -0.0] 64.545
[0.756, 0.5, 0.356, -1.416, 0.548, 0.0] 63.751
[0.727, 0.5, 0.327, -1.387, 0.519, -0.0] 79.934
[0.698, 0.5, 0.298, -1.358, 0.49, 0.0] 64.141
[0.67, 0.5, 0.27, -1.33, 0.461, -0.0] 64.21
[0.641, 0.5, 0.241, -1.301, 0.432, 0.0] 63.844
[0.612, 0.5, 0.212, -1.272, 0.404, -0.0] 79.079
[0.583, 0.5, 0.183, -1.243, 0.375, 0.0] 79.003
[0.554, 0.5, 0.154, -1.214, 0.346, -0.0] 64.023
[0.526, 0.5, 0.126, -1.186, 0.317, 0.0] 64.181
[0.497, 0.5, 0.097, -1.157, 0.288, -0.0] 63.218
[0.468, 0.5, 0.068, -1.128, 0.26, -0.0] 79.324
[0.439, 0.5, 0.039, -1.099, 0.231, 0.0] 63.147
[0.41, 0.5, 0.01, -1.07, 0.202, -0.0] 63.776
[0.382, 0.5, -0.018, -1.042, 0.173, -0.0] 63.777
[0.353, 0.5, -0.047, -1.013, 0.144, -0.0] 80.37
[0.324, 0.5, -0.076, -0.984, 0.116, -0.0] 63.836
[0.295, 0.5, -0.105, -0.955, 0.087, -0.0] 63.219
[0.266, 0.5, -0.134, -0.926, 0.058, 0.0] 64.612
[0.238, 0.5, -0.162, -0.898, 0.029, 0.0] 80.189
[0.209, 0.5, -0.191, -0.869, 0.001, 0.0] 64.153
[0.18, 0.5, -0.22, -0.84, -0.028, -0.0] 62.808
[0.151, 0.5, -0.249, -0.811, -0.057, -0.0] 64.126
[0.122, 0.5, -0.278, -0.782, -0.086, -0.0] 79.879
[0.094, 0.5, -0.306, -0.754, -0.115, -0.0] 63.666
[0.065, 0.5, -0.335, -0.725, -0.144, 0.0] 63.395
[0.036, 0.5, -0.364, -0.696, -0.172, 0.0] 63.936
[0.017, 0.5, -0.393, -0.667, -0.201, -0.0] 78.28
[0.008, 0.5, -0.422, -0.638, -0.23, 0.0] 64.283
[0.004, 0.5, -0.45, -0.61, -0.259, -0.0] 63.122
[0.002, 0.5, -0.479, -0.581, -0.288, -0.0] 64.136
[0.001, 0.5, -0.508, -0.552, -0.316, -0.0] 79.801
[0.0, 0.5, -0.537, -0.523, -0.345, 0.0] 64.61
[0.0, 0.5, -0.566, -0.494, -0.374, 0.0] 63.809
[0.0, 0.5, -0.594, -0.466, -0.403, 0.0] 64.051
[0.0, 0.5, -0.623, -0.437, -0.432, 0.0] 79.762
[0.0, 0.5, -0.652, -0.408, -0.46, 0.0] 79.771
[0.0, 0.5, -0.681, -0.379, -0.489, 0.0] 64.064
[0.0, 0.5, -0.71, -0.35, -0.518, 0.0] 64.359
[0.0, 0.5, -0.738, -0.322, -0.547, 0.0] 63.787
[0.0, 0.5, -0.767, -0.293, -0.574, 0.0] 64.39
[-0.0, 0.5, -0.796, -0.264, -0.588, 0.0] 63.683
[-0.0, 0.5, -0.825, -0.235, -0.594, 0.0] 80.448
[-0.0, 0.5, -0.854, -0.206, -0.597, 0.0] 63.702
[-0.0, 0.5, -0.882, -0.178, -0.599, 0.0] 63.511
[-0.0, 0.5, -0.911, -0.149, -0.599, 0.0] 63.805
[-0.0, 0.5, -0.94, -0.12, -0.6, -0.0] 79.971
[-0.0, 0.5, -0.969, -0.091, -0.6, -0.0] 64.79
[-0.0, 0.5, -0.998, -0.062, -0.6, -0.0] 63.459
[-0.0, 0.5, -1.026, -0.034, -0.6, -0.0] 64.414
[-0.0, 0.5, -1.055, -0.016, -0.6, 0.0] 79.364
[-0.0, 0.5, -1.084, -0.007, -0.6, 0.0] 63.763
[-0.0, 0.5, -1.113, -0.003, -0.6, 0.0] 64.212
[-0.0, 0.5, -1.142, -0.002, -0.6, 0.0] 64.539
[-0.0, 0.5, -1.17, -0.001, -0.6, 0.0] 80.03
[-0.0, 0.5, -1.199, -0.0, -0.6, 0.0] 62.579
[-0.0, 0.5, -1.225, -0.0, -0.6, 0.0] 63.396
[-0.0, 0.5, -1.239, -0.0, -0.6, -0.0] 64.03
[-0.0, 0.5, -1.245, -0.0, -0.6, -0.0] 64.406
[-0.029, 0.5, -1.248, -0.029, -0.571, -0.029] 95.979
[-0.058, 0.5, -1.249, -0.058, -0.542, -0.058] 63.403
[-0.086, 0.5, -1.249, -0.086, -0.514, -0.086] 63.65
[-0.115, 0.5, -1.25, -0.115, -0.485, -0.115] 64.094
[-0.144, 0.5, -1.25, -0.144, -0.456, -0.144] 79.481
[-0.173, 0.5, -1.25, -0.173, -0.427, -0.173] 63.106
[-0.202, 0.5, -1.25, -0.202, -0.398, -0.202] 63.315
[-0.23, 0.5, -1.25, -0.23, -0.37, -0.23] 63.827
[-0.259, 0.5, -1.25, -0.259, -0.341, -0.259] 79.999
[-0.288, 0.5, -1.25, -0.288, -0.312, -0.288] 64.138
[-0.317, 0.5, -1.25, -0.317, -0.283, -0.317] 64.568
[-0.346, 0.5, -1.25, -0.346, -0.254, -0.345] 63.629
[-0.374, 0.5, -1.25, -0.374, -0.226, -0.374] 79.759
[-0.403, 0.5, -1.25, -0.403, -0.197, -0.403] 63.504
[-0.432, 0.5, -1.25, -0.432, -0.168, -0.432] 63.673
[-0.461, 0.5, -1.25, -0.461, -0.139, -0.461] 63.431
[-0.49, 0.5, -1.25, -0.49, -0.11, -0.489] 80.276
[-0.518, 0.5, -1.25, -0.518, -0.082, -0.518] 63.816
[-0.547, 0.5, -1.25, -0.547, -0.053, -0.547] 64.137
[-0.576, 0.5, -1.25, -0.576, -0.024, -0.576] 63.254
[-0.605, 0.5, -1.25, -0.605, 0.005, -0.605] 79.737
[-0.634, 0.5, -1.25, -0.634, 0.034, -0.633] 63.322
[-0.662, 0.5, -1.25, -0.662, 0.062, -0.662] 63.166
[-0.691, 0.5, -1.25, -0.691, 0.091, -0.691] 48.345
[-0.72, 0.5, -1.25, -0.72, 0.12, -0.72] 63.547
[-0.749, 0.5, -1.25, -0.749, 0.149, -0.749] 79.583
[-0.778, 0.5, -1.25, -0.778, 0.178, -0.777] 63.186
[-0.806, 0.5, -1.25, -0.806, 0.206, -0.806] 63.775
[-0.835, 0.5, -1.25, -0.835, 0.235, -0.835] 78.737
[-0.864, 0.5, -1.25, -0.864, 0.264, -0.864] 63.416
[-0.893, 0.5, -1.25, -0.893, 0.293, -0.893] 63.67
[-0.922, 0.5, -1.25, -0.922, 0.322, -0.921] 64.039
[-0.95, 0.5, -1.25, -0.95, 0.35, -0.95] 79.899
[-0.976, 0.5, -1.25, -0.976, 0.379, -0.979] 62.345
[-0.989, 0.5, -1.25, -0.989, 0.408, -1.008] 64.144
[-0.995, 0.5, -1.25, -0.995, 0.437, -1.036] 63.663
[-0.998, 0.5, -1.25, -0.998, 0.466, -1.065] 80.344
[-0.999, 0.5, -1.25, -0.999, 0.494, -1.094] 79.928
[-0.999, 0.5, -1.25, -0.999, 0.523, -1.123] 64.019
[-1.0, 0.5, -1.25, -1.0, 0.552, -1.152] 64.196
[-1.0, 0.5, -1.25, -1.0, 0.581, -1.18] 63.243
[-1.0, 0.5, -1.25, -1.0, 0.61, -1.209] 80.413
[-1.0, 0.5, -1.25, -1.0, 0.638, -1.238] 62.963
[-1.0, 0.5, -1.25, -1.0, 0.667, -1.267] 63.682
[-1.0, 0.5, -1.25, -1.0, 0.696, -1.296] 63.18
[-1.0, 0.5, -1.25, -1.0, 0.723, -1.324] 79.253
[-1.0, 0.5, -1.25, -1.0, 0.738, -1.353] 63.641
[-1.0, 0.5, -1.25, -1.0, 0.744, -1.382] 62.83
[-1.0, 0.5, -1.25, -1.0, 0.747, -1.411] 63.485
[-1.0, 0.5, -1.25, -1.0, 0.749, -1.44] 64.003
[-1.0, 0.5, -1.25, -1.0, 0.749, -1.468] 94.811
[-1.0, 0.5, -1.25, -1.0, 0.75, -1.497] 63.73
[-1.0, 0.5, -1.25, -1.0, 0.75, -1.526] 64.71
[-1.0, 0.5, -1.25, -1.0, 0.75, -1.555] 63.821
[-1.0, 0.5, -1.25, -1.0, 0.75, -1.584] 79.878
[-1.0, 0.5, -1.25, -1.0, 0.75, -1.612] 63.789
[-1.0, 0.5, -1.25, -1.0, 0.75, -1.641] 64.127
[-1.0, 0.5, -1.25, -1.0, 0.75, -1.67] 63.509
[-1.0, 0.5, -1.25, -1.0, 0.75, -1.699] 78.993
[-1.0, 0.5, -1.25, -1.0, 0.75, -1.728] 63.82
[-1.0, 0.5, -1.25, -1.0, 0.75, -1.756] 48.067
[-1.0, 0.5, -1.25, -1.0, 0.75, -1.785] 63.553
[-1.0, 0.5, -1.25, -1.0, 0.75, -1.814] 64.221
[-1.0, 0.5, -1.25, -1.0, 0.75, -1.843] 95.092
[-1.0, 0.5, -1.25, -1.0, 0.75, -1.872] 64.048
[-1.0, 0.5, -1.25, -1.0, 0.75, -1.9] 63.541
[-1.0, 0.5, -1.25, -1.0, 0.75, -1.929] 63.445
[-1.0, 0.5, -1.25, -1.0, 0.75, -1.958] 79.939
[-1.0, 0.5, -1.25, -1.0, 0.75, -1.987] 63.857
[-1.0, 0.5, -1.25, -1.0, 0.75, -2.016] 64.217
[-1.0, 0.5, -1.25, -1.0, 0.75, -2.044] 63.971
[-1.0, 0.5, -1.25, -1.0, 0.75, -2.073] 80.115
[-1.0, 0.5, -1.25, -1.0, 0.75, -2.102] 63.016
[-1.0, 0.5, -1.25, -1.0, 0.75, -2.131] 64.034
[-1.0, 0.5, -1.25, -1.0, 0.75, -2.16] 62.898
[-1.0, 0.5, -1.25, -1.0, 0.75, -2.188] 79.578
[-1.0, 0.5, -1.25, -1.0, 0.75, -2.217] 63.735
[-1.0, 0.5, -1.25, -1.0, 0.75, -2.246] 63.856
[-1.0, 0.5, -1.25, -1.0, 0.75, -2.275] 63.677
[-1.0, 0.5, -1.25, -1.0, 0.75, -2.304] 79.271
[-1.0, 0.5, -1.25, -1.0, 0.75, -2.332] 63.896
[-1.0, 0.5, -1.25, -1.0, 0.75, -2.361] 63.504
[-1.0, 0.5, -1.25, -1.0, 0.75, -2.382] 64.136
[-1.0, 0.5, -1.25, -1.0, 0.75, -2.392] 79.498
[-0.971, 0.471, -1.221, -0.971, 0.721, -2.363] 48.434
[-0.942, 0.442, -1.192, -0.942, 0.692, -2.334] 79.994
[-0.914, 0.414, -1.164, -0.914, 0.664, -2.305] 94.938
[-0.885, 0.385, -1.135, -0.885, 0.635, -2.277] 78.93
[-0.856, 0.356, -1.106, -0.856, 0.606, -2.248] 64.214
[-0.827, 0.327, -1.077, -0.827, 0.577, -2.219] 63.343
[-0.798, 0.298, -1.048, -0.798, 0.548, -2.19] 64.711
[-0.77, 0.27, -1.02, -0.77, 0.52, -2.161] 63.75
[-0.741, 0.241, -0.991, -0.741, 0.491, -2.133] 96.192
[-0.712, 0.212, -0.962, -0.712, 0.462, -2.104] 63.609
[-0.683, 0.183, -0.933, -0.683, 0.433, -2.075] 63.964
[-0.654, 0.154, -0.904, -0.654, 0.404, -2.046] 48.507
[-0.626, 0.126, -0.876, -0.626, 0.376, -2.018] 79.428
[-0.597, 0.097, -0.847, -0.597, 0.347, -1.989] 96.307
[-0.568, 0.068, -0.818, -0.568, 0.318, -1.96] 64.252
[-0.539, 0.039, -0.789, -0.539, 0.289, -1.931] 63.715
[-0.51, 0.018, -0.76, -0.51, 0.261, -1.902] 64.14
[-0.482, 0.008, -0.732, -0.482, 0.232, -1.874] 80.03
[-0.453, 0.004, -0.703, -0.453, 0.203, -1.845] 63.631
[-0.424, 0.002, -0.674, -0.424, 0.174, -1.816] 64.662
[-0.395, 0.001, -0.645, -0.395, 0.145, -1.787] 63.613
[-0.366, 0.0, -0.616, -0.366, 0.117, -1.758] 79.763
[-0.338, 0.0, -0.588, -0.338, 0.088, -1.73] 79.474
[-0.309, 0.0, -0.559, -0.309, 0.059, -1.701] 63.765
[-0.28, 0.0, -0.53, -0.28, 0.03, -1.672] 63.501
[-0.251, 0.0, -0.501, -0.251, 0.014, -1.643] 63.261
[-0.222, -0.0, -0.472, -0.222, 0.006, -1.614] 80.498
[-0.194, -0.0, -0.444, -0.194, 0.003, -1.586] 63.746
[-0.165, -0.0, -0.415, -0.165, 0.001, -1.557] 64.133
[-0.136, -0.0, -0.386, -0.136, 0.001, -1.528] 63.614
[-0.107, -0.0, -0.357, -0.107, 0.0, -1.499] 79.539
[-0.078, 0.0, -0.328, -0.078, 0.0, -1.47] 64.181
[-0.05, -0.0, -0.3, -0.05, 0.0, -1.442] 62.626
[-0.024, -0.0, -0.271, -0.024, -0.0, -1.413] 63.819
[-0.011, -0.0, -0.242, -0.011, -0.0, -1.384] 64.57
[-0.005, -0.0, -0.213, -0.005, -0.0, -1.355] 95.25
[-0.002, -0.0, -0.184, -0.002, 0.0, -1.326] 64.152
[-0.001, -0.0, -0.156, -0.001, -0.0, -1.298] 63.464
[-0.001, -0.0, -0.127, -0.001, 0.0, -1.269] 64.007
[-0.0, -0.0, -0.098, -0.0, 0.0, -1.24] 80.123
[-0.0, -0.0, -0.069, -0.0, -0.0, -1.211] 62.954
[-0.0, -0.0, -0.04, -0.0, -0.0, -1.182] 63.799
[-0.0, -0.0, -0.019, -0.0, 0.0, -1.154] 64.221
[-0.0, -0.0, -0.009, -0.0, -0.0, -1.125] 63.741
[-0.0, -0.0, -0.004, 0.0, -0.0, -1.096] 94.8
[-0.0, -0.0, -0.002, -0.0, 0.0, -1.067] 62.91
[-0.0, -0.0, -0.001, -0.0, -0.0, -1.038] 63.922
[-0.0, -0.0, -0.0, 0.0, 0.0, -1.01] 63.76
[-0.0, -0.0, -0.0, 0.0, -0.0, -0.981] 79.605
[-0.0, -0.0, -0.0, -0.0, -0.0, -0.952] 64.863
[-0.0, -0.0, -0.0, 0.0, -0.0, -0.923] 63.238
[-0.0, -0.0, -0.0, 0.0, -0.0, -0.894] 62.928
[-0.0, -0.0, -0.0, 0.0, 0.0, -0.866] 79.66
[-0.0, -0.0, -0.0, 0.0, -0.0, -0.837] 64.293
[-0.0, -0.0, -0.0, 0.0, 0.0, -0.808] 62.187
[-0.0, -0.0, -0.0, 0.0, -0.0, -0.779] 63.601
[-0.0, -0.0, 0.0, 0.0, -0.0, -0.75] 64.548
[-0.0, -0.0, 0.0, 0.0, -0.0, -0.722] 79.657
[-0.0, -0.0, 0.0, 0.0, -0.0, -0.693] 95.779
[-0.0, -0.0, 0.0, 0.0, -0.0, -0.664] 64.036
[-0.0, -0.0, 0.0, 0.0, -0.0, -0.635] 63.207
[-0.0, -0.0, 0.0, 0.0, -0.0, -0.606] 63.343
[-0.0, -0.0, 0.0, 0.0, -0.0, -0.578] 79.578
[-0.0, -0.0, 0.0, 0.0, -0.0, -0.549] 63.844
[-0.0, -0.0, 0.0, 0.0, -0.0, -0.52] 64.333
[-0.0, -0.0, 0.0, 0.0, -0.0, -0.491] 55.879
[-0.0, -0.0, 0.0, 0.0, -0.0, -0.462] 87.278
[-0.0, -0.0, 0.0, 0.0, -0.0, -0.434] 63.846
[-0.0, -0.0, 0.0, 0.0, -0.0, -0.405] 47.695
[-0.0, -0.0, 0.0, 0.0, -0.0, -0.376] 64.157
[-0.0, -0.0, 0.0, 0.0, -0.0, -0.347] 80.342
[-0.0, -0.0, 0.0, 0.0, -0.0, -0.318] 63.041
[-0.0, -0.0, 0.0, 0.0, -0.0, -0.29] 63.557
[-0.0, -0.0, 0.0, 0.0, -0.0, -0.261] 64.089
[-0.0, -0.0, 0.0, 0.0, -0.0, -0.232] 56.331
[-0.0, -0.0, 0.0, 0.0, -0.0, -0.203] 70.869
[-0.0, -0.0, 0.0, 0.0, -0.0, -0.174] 79.168
[-0.0, -0.0, 0.0, 0.0, -0.0, -0.146] 54.52
[-0.0, -0.0, 0.0, -0.0, -0.0, -0.117] 65.393
[-0.0, -0.0, 0.0, -0.0, -0.0, -0.088] 61.8
[-0.0, -0.0, 0.0, -0.0, -0.0, -0.059] 73.195
[-0.0, -0.0, 0.0, -0.0, -0.0, -0.031] 64.385
[-0.0, -0.0, 0.0, -0.0, -0.0, -0.014] 60.596
[-0.0, -0.0, 0.0, -0.0, -0.0, -0.007] 66.008
