[0.0, -0.0, -0.003, -0.0, -0.0, -0.0] 64.117
[0.029, 0.029, -0.032, -0.027, -0.029, -0.029] 64.718
[0.058, 0.058, -0.057, -0.042, -0.058, -0.058] 78.536
[0.086, 0.086, -0.069, -0.048, -0.086, -0.086] 63.837
[0.115, 0.115, -0.074, -0.051, -0.115, -0.115] 63.106
[0.144, 0.144, -0.077, -0.053, -0.144, -0.144] 63.171
[0.173, 0.173, -0.078, -0.053, -0.173, -0.173] 80.514
[0.202, 0.202, -0.079, -0.054, -0.202, -0.202] 63.553
[0.23, 0.23, -0.079, -0.054, -0.23, -0.23] 79.593
[0.259, 0.259, -0.079, -0.054, -0.259, -0.259] 63.889
[0.288, 0.288, -0.079, -0.054, -0.288, -0.288] 64.334
[0.317, 0.317, -0.079, -0.054, -0.317, -0.317] 64.395
[0.346, 0.346, -0.079, -0.054, -0.346, -0.346] 62.834
[0.374, 0.374, -0.079, -0.054, -0.374, -0.374] 63.383
[0.403, 0.403, -0.079, -0.054, -0.403, -0.403] 79.686
[0.432, 0.432, -0.079, -0.054, -0.432, -0.432] 64.24
[0.461, 0.461, -0.079, -0.054, -0.461, -0.461] 63.883
[0.49, 0.49, -0.079, -0.054, -0.49, -0.49] 64.229
[0.518, 0.518, -0.079, -0.054, -0.518, -0.518] 79.635
[0.547, 0.547, -0.079, -0.054, -0.547, -0.547] 64.605
[0.576, 0.571, -0.079, -0.054, -0.576, -0.576] 64.027
[0.605, 0.582, -0.079, -0.054, -0.605, -0.605] 79.276
[0.634, 0.588, -0.079, -0.054, -0.634, -0.634] 64.431
[0.662, 0.59, -0.079, -0.054, -0.662, -0.662] 63.503
[0.691, 0.591, -0.079, -0.054, -0.691, -0.691] 64.279
[0.72, 0.592, -0.079, -0.054, -0.72, -0.72] 63.87
[0.749, 0.592, -0.079, -0.054, -0.736, -0.749] 80.331
[0.778, 0.592, -0.079, -0.054, -0.744, -0.778] 63.691
[0.806, 0.592, -0.079, -0.054, -0.747, -0.806] 64.645
[0.835, 0.592, -0.079, -0.054, -0.749, -0.835] 63.698
[0.864, 0.592, -0.079, -0.054, -0.749, -0.864] 79.991
[0.893, 0.592, -0.079, -0.054, -0.75, -0.893] 64.046
[0.922, 0.592, -0.079, -0.054, -0.75, -0.922] 63.707
[0.95, 0.592, -0.079, -0.054, -0.75, -0.95] 63.062
[0.979, 0.592, -0.079, -0.054, -0.75, -0.979] 79.522
[1.008, 0.592, -0.079, -0.054, -0.75, -1.008] 62.949
[1.037, 0.592, -0.079, -0.054, -0.75, -1.037] 62.876
[1.066, 0.592, -0.079, -0.054, -0.75, -1.066] 63.349
[1.094, 0.592, -0.079, -0.054, -0.75, -1.094] 79.531
[1.123, 0.592, -0.079, -0.054, -0.75, -1.123] 64.194
[1.152, 0.592, -0.079, -0.054, -0.75, -1.152] 62.645
[1.181, 0.592, -0.079, -0.054, -0.75, -1.181] 63.642
[1.21, 0.592, -0.079, -0.054, -0.75, -1.21] 66.183
[1.233, 0.592, -0.079, -0.054, -0.75, -1.238] 76.442
[1.244, 0.592, -0.079, -0.054, -0.75, -1.267] 63.778
[1.249, 0.592, -0.079, -0.054, -0.75, -1.296] 64.074
[1.251, 0.592, -0.079, -0.054, -0.75, -1.325] 63.931
[1.252, 0.592, -0.079, -0.054, -0.75, -1.354] 80.205
[1.253, 0.592, -0.079, -0.054, -0.75, -1.382] 79.818
[1.253, 0.592, -0.079, -0.054, -0.75, -1.411] 63.849
[1.253, 0.592, -0.079, -0.054, -0.75, -1.44] 64.402
[1.253, 0.592, -0.079, -0.054, -0.75, -1.469] 63.694
[1.253, 0.592, -0.079, -0.054, -0.75, -1.486] 79.869
[1.253, 0.592, -0.079, -0.054, -0.75, -1.493] 63.237
[1.224, 0.563, -0.05, -0.083, -0.779, -1.465] 64.099
[1.195, 0.534, -0.021, -0.112, -0.808, -1.436] 63.924
[1.167, 0.506, 0.007, -0.14, -0.836, -1.407] 80.817
[1.138, 0.477, 0.036, -0.169, -0.865, -1.378] 81.095
[1.109, 0.448, 0.065, -0.198, -0.894, -1.349] 62.707
[1.08, 0.419, 0.094, -0.227, -0.923, -1.321] 64.027
[1.051, 0.39, 0.123, -0.256, -0.952, -1.292] 63.76
[1.023, 0.362, 0.151, -0.284, -0.98, -1.263] 79.471
[0.994, 0.333, 0.18, -0.313, -1.009, -1.234] 63.128
[0.965, 0.304, 0.209, -0.342, -1.038, -1.205] 64.115
[0.936, 0.275, 0.238, -0.371, -1.067, -1.177] 63.525
[0.907, 0.246, 0.267, -0.4, -1.095, -1.148] 79.813
[0.879, 0.218, 0.295, -0.428, -1.124, -1.119] 64.34
[0.85, 0.189, 0.324, -0.457, -1.153, -1.09] 63.897
[0.821, 0.16, 0.353, -0.486, -1.182, -1.061] 79.794
[0.792, 0.131, 0.382, -0.515, -1.211, -1.033] 64.175
[0.763, 0.102, 0.411, -0.544, -1.239, -1.004] 64.061
[0.735, 0.074, 0.439, -0.572, -1.268, -0.975] 63.713
[0.706, 0.045, 0.468, -0.601, -1.297, -0.946] 64.839
[0.677, 0.016, 0.497, -0.63, -1.326, -0.917] 79.285
[0.648, -0.013, 0.526, -0.659, -1.355, -0.889] 48.274
[0.619, -0.042, 0.555, -0.688, -1.383, -0.86] 79.833
[0.591, -0.07, 0.583, -0.716, -1.412, -0.831] 95.743
[0.562, -0.099, 0.612, -0.745, -1.441, -0.802] 79.891
[0.533, -0.128, 0.641, -0.774, -1.469, -0.773] 63.806
[0.504, -0.157, 0.658, -0.803, -1.485, -0.745] 64.5
[0.475, -0.186, 0.666, -0.832, -1.493, -0.716] 62.77
[0.447, -0.214, 0.67, -0.86, -1.496, -0.687] 80.497
[0.418, -0.243, 0.672, -0.889, -1.498, -0.658] 63.302
[0.389, -0.272, 0.672, -0.918, -1.498, -0.629] 63.661
[0.36, -0.301, 0.673, -0.947, -1.499, -0.601] 63.084
[0.331, -0.33, 0.673, -0.976, -1.499, -0.572] 63.8
[0.303, -0.358, 0.673, -1.004, -1.499, -0.543] 96.111
[0.274, -0.387, 0.673, -1.033, -1.499, -0.514] 63.308
[0.245, -0.416, 0.673, -1.062, -1.499, -0.485] 63.671
[0.216, -0.445, 0.673, -1.091, -1.499, -0.457] 64.071
[0.187, -0.474, 0.673, -1.12, -1.499, -0.428] 80.011
[0.159, -0.502, 0.673, -1.148, -1.499, -0.399] 63.777
[0.13, -0.531, 0.673, -1.177, -1.499, -0.37] 64.501
[0.112, -0.56, 0.673, -1.206, -1.499, -0.341] 63.583
[0.103, -0.577, 0.673, -1.235, -1.499, -0.313] 79.916
[0.099, -0.585, 0.673, -1.264, -1.499, -0.284] 64.581
[0.098, -0.589, 0.673, -1.292, -1.499, -0.255] 63.629
[0.097, -0.591, 0.673, -1.321, -1.499, -0.226] 63.835
[0.096, -0.591, 0.673, -1.35, -1.499, -0.197] 79.964
[0.096, -0.592, 0.673, -1.376, -1.499, -0.169] 64.213
[0.096, -0.592, 0.673, -1.389, -1.499, -0.14] 63.829
[0.096, -0.592, 0.673, -1.395, -1.499, -0.111] 64.435
[0.096, -0.592, 0.673, -1.398, -1.499, -0.082] 80.06
[0.096, -0.592, 0.673, -1.399, -1.499, -0.053] 64.117
[0.096, -0.592, 0.673, -1.399, -1.499, -0.025] 63.388
[0.096, -0.592, 0.673, -1.4, -1.499, 0.004] 48.063
[0.096, -0.592, 0.673, -1.4, -1.499, 0.033] 95.78
[0.096, -0.592, 0.673, -1.4, -1.499, 0.062] 79.268
[0.096, -0.592, 0.673, -1.4, -1.499, 0.091] 63.426
[0.096, -0.592, 0.673, -1.4, -1.499, 0.119] 63.725
[0.096, -0.592, 0.673, -1.4, -1.499, 0.148] 63.839
[0.096, -0.592, 0.673, -1.4, -1.499, 0.177] 79.508
[0.096, -0.592, 0.673, -1.4, -1.499, 0.206] 80.048
[0.096, -0.592, 0.673, -1.4, -1.499, 0.235] 63.824
[0.096, -0.592, 0.673, -1.4, -1.499, 0.263] 64.655
[0.096, -0.592, 0.673, -1.4, -1.499, 0.292] 63.251
[0.096, -0.592, 0.673, -1.4, -1.499, 0.321] 64.037
[0.096, -0.592, 0.673, -1.4, -1.499, 0.35] 79.573
[0.096, -0.592, 0.673, -1.4, -1.499, 0.379] 79.492
[0.096, -0.592, 0.673, -1.4, -1.499, 0.407] 63.686
[0.096, -0.592, 0.673, -1.4, -1.499, 0.436] 63.427
[0.096, -0.592, 0.673, -1.4, -1.499, 0.465] 63.679
[0.096, -0.592, 0.673, -1.4, -1.499, 0.494] 62.897
[0.096, -0.592, 0.673, -1.4, -1.499, 0.523] 74.779
[0.096, -0.592, 0.673, -1.4, -1.499, 0.551] 60.077
[0.096, -0.592, 0.673, -1.4, -1.499, 0.58] 65.34
[0.096, -0.592, 0.673, -1.4, -1.499, 0.609] 59.672
[0.096, -0.592, 0.673, -1.4, -1.499, 0.638] 80.14
[0.096, -0.592, 0.673, -1.4, -1.499, 0.667] 59.803
[0.096, -0.592, 0.673, -1.4, -1.499, 0.695] 62.994
[0.096, -0.592, 0.673, -1.4, -1.499, 0.724] 63.977
[0.096, -0.592, 0.673, -1.4, -1.499, 0.753] 79.472
[0.096, -0.592, 0.673, -1.4, -1.499, 0.782] 64.066
[0.096, -0.592, 0.673, -1.4, -1.499, 0.811] 63.738
[0.096, -0.592, 0.673, -1.4, -1.499, 0.839] 64.23
[0.096, -0.592, 0.673, -1.4, -1.499, 0.868] 71.576
[0.096, -0.592, 0.673, -1.4, -1.499, 0.897] 71.833
[0.096, -0.592, 0.673, -1.4, -1.499, 0.926] 53.538
[0.096, -0.592, 0.673, -1.4, -1.499, 0.955] 64.877
[0.096, -0.592, 0.673, -1.4, -1.499, 0.983] 72.917
[0.096, -0.592, 0.673, -1.4, -1.499, 1.012] 47.999
[0.096, -0.592, 0.673, -1.4, -1.499, 1.041] 80.005
[0.096, -0.592, 0.673, -1.4, -1.499, 1.07] 96.107
[0.096, -0.592, 0.673, -1.4, -1.499, 1.099] 79.986
[0.096, -0.592, 0.673, -1.4, -1.499, 1.127] 63.5
[0.096, -0.592, 0.673, -1.4, -1.499, 1.156] 63.373
[0.096, -0.592, 0.673, -1.4, -1.499, 1.185] 63.814
[0.096, -0.592, 0.673, -1.4, -1.499, 1.214] 73.3
[0.096, -0.592, 0.673, -1.4, -1.499, 1.243] 79.036
[0.096, -0.592, 0.673, -1.4, -1.499, 1.271] 64.267
[0.096, -0.592, 0.673, -1.4, -1.499, 1.3] 63.734
[0.096, -0.592, 0.673, -1.4, -1.499, 1.329] 63.686
[0.096, -0.592, 0.673, -1.4, -1.499, 1.358] 63.762
[0.096, -0.592, 0.673, -1.4, -1.499, 1.387] 96.495
[0.096, -0.592, 0.673, -1.4, -1.499, 1.415] 57.688
[0.096, -0.592, 0.673, -1.4, -1.499, 1.444] 70.043
[0.096, -0.592, 0.673, -1.4, -1.499, 1.473] 71.0
[0.096, -0.592, 0.673, -1.4, -1.499, 1.502] 62.656
[0.096, -0.592, 0.673, -1.4, -1.499, 1.531] 56.308
[0.096, -0.592, 0.673, -1.4, -1.499, 1.559] 63.565
[0.096, -0.592, 0.673, -1.4, -1.499, 1.588] 63.929
[0.096, -0.592, 0.673, -1.4, -1.499, 1.617] 79.367
[0.096, -0.592, 0.673, -1.4, -1.499, 1.646] 64.219
[0.096, -0.592, 0.673, -1.4, -1.499, 1.675] 62.662
[0.096, -0.592, 0.673, -1.4, -1.499, 1.703] 69.294
[0.096, -0.592, 0.673, -1.4, -1.499, 1.732] 62.434
[0.096, -0.592, 0.673, -1.4, -1.499, 1.761] 77.689
[0.096, -0.592, 0.673, -1.4, -1.499, 1.79] 52.549
[0.096, -0.592, 0.673, -1.4, -1.499, 1.819] 72.465
[0.096, -0.592, 0.673, -1.4, -1.499, 1.847] 66.663
[0.096, -0.592, 0.673, -1.4, -1.499, 1.876] 61.408
[0.096, -0.592, 0.673, -1.4, -1.499, 1.905] 75.369
[0.096, -0.592, 0.673, -1.4, -1.499, 1.934] 49.41
[0.096, -0.592, 0.673, -1.4, -1.499, 1.963] 65.634
[0.096, -0.592, 0.673, -1.4, -1.499, 1.983] 63.608
[0.096, -0.592, 0.673, -1.4, -1.499, 1.992] 66.122
[0.125, -0.563, 0.644, -1.429, -1.47, 1.963] 67.773
[0.154, -0.534, 0.615, -1.458, -1.441, 1.934] 81.241
[0.182, -0.506, 0.587, -1.486, -1.413, 1.906] 40.581
[0.211, -0.477, 0.558, -1.515, -1.384, 1.877] 52.08
[0.24, -0.448, 0.53, -1.539, -1.355, 1.848] 64.343
[0.269, -0.419, 0.514, -1.55, -1.326, 1.819] 62.761
[0.298, -0.39, 0.506, -1.556, -1.297, 1.79] 62.413
[0.326, -0.362, 0.503, -1.558, -1.269, 1.762] 62.926
[0.355, -0.333, 0.501, -1.559, -1.24, 1.733] 70.02
[0.384, -0.304, 0.501, -1.56, -1.211, 1.704] 63.306
[0.413, -0.275, 0.5, -1.56, -1.182, 1.675] 64.352
[0.442, -0.246, 0.5, -1.56, -1.153, 1.646] 47.943
[0.47, -0.218, 0.5, -1.56, -1.125, 1.618] 63.854
[0.499, -0.189, 0.5, -1.56, -1.096, 1.589] 80.082
[0.528, -0.16, 0.5, -1.56, -1.067, 1.56] 79.989
[0.557, -0.131, 0.5, -1.56, -1.038, 1.531] 63.259
[0.586, -0.102, 0.5, -1.56, -1.009, 1.502] 63.08
[0.614, -0.074, 0.5, -1.56, -0.981, 1.474] 63.985
[0.643, -0.045, 0.5, -1.56, -0.952, 1.445] 79.64
[0.672, -0.016, 0.5, -1.56, -0.923, 1.416] 63.759
[0.701, 0.013, 0.5, -1.56, -0.894, 1.387] 81.249
[0.73, 0.042, 0.5, -1.56, -0.865, 1.358] 62.465
[0.758, 0.07, 0.5, -1.56, -0.837, 1.33] 52.728
[0.787, 0.099, 0.5, -1.56, -0.808, 1.301] 59.834
[0.816, 0.128, 0.5, -1.56, -0.779, 1.272] 62.019
[0.845, 0.157, 0.5, -1.56, -0.75, 1.243] 64.365
[0.872, 0.186, 0.5, -1.56, -0.721, 1.214] 79.498
[0.887, 0.214, 0.5, -1.56, -0.693, 1.186] 74.369
[0.894, 0.243, 0.5, -1.56, -0.664, 1.157] 69.823
[0.897, 0.272, 0.5, -1.56, -0.635, 1.128] 64.527
[0.899, 0.301, 0.5, -1.56, -0.606, 1.099] 55.694
[0.899, 0.33, 0.5, -1.56, -0.577, 1.07] 59.938
[0.9, 0.358, 0.5, -1.56, -0.549, 1.042] 69.897
[0.9, 0.387, 0.5, -1.56, -0.52, 1.013] 83.612
[0.9, 0.416, 0.5, -1.56, -0.491, 0.984] 64.702
[0.9, 0.445, 0.5, -1.56, -0.462, 0.955] 47.913
[0.9, 0.472, 0.5, -1.56, -0.433, 0.926] 74.159
[0.9, 0.487, 0.5, -1.56, -0.405, 0.898] 69.815
[0.9, 0.494, 0.5, -1.56, -0.376, 0.869] 63.492
[0.9, 0.497, 0.5, -1.56, -0.347, 0.84] 63.903
[0.9, 0.499, 0.5, -1.56, -0.318, 0.811] 72.552
[0.9, 0.499, 0.5, -1.56, -0.289, 0.782] 72.188
[0.9, 0.5, 0.5, -1.56, -0.261, 0.754] 63.757
[0.9, 0.5, 0.5, -1.56, -0.232, 0.725] 64.206
[0.9, 0.5, 0.5, -1.56, -0.203, 0.696] 690.861
[0.9, 0.5, 0.5, -1.56, -0.174, 0.667] 75.567
[0.9, 0.5, 0.5, -1.56, -0.145, 0.638] 54.3
[0.9, 0.5, 0.5, -1.56, -0.117, 0.61] 58.668
[0.9, 0.5, 0.5, -1.56, -0.088, 0.581] 81.479
[0.9, 0.5, 0.5, -1.56, -0.059, 0.552] 60.635
[0.9, 0.5, 0.5, -1.56, -0.03, 0.523] 61.33
[0.9, 0.5, 0.5, -1.56, -0.002, 0.494] 66.575
[0.9, 0.5, 0.5, -1.56, 0.027, 0.466] 75.339
[0.9, 0.5, 0.5, -1.56, 0.056, 0.437] 59.708
[0.9, 0.5, 0.5, -1.56, 0.085, 0.408] 67.358
[0.9, 0.5, 0.5, -1.56, 0.114, 0.379] 60.12
[0.9, 0.5, 0.5, -1.56, 0.142, 0.35] 82.708
[0.9, 0.5, 0.5, -1.56, 0.171, 0.322] 75.061
[0.9, 0.5, 0.5, -1.56, 0.2, 0.293] 67.146
[0.9, 0.5, 0.5, -1.56, 0.229, 0.264] 53.418
[0.9, 0.5, 0.5, -1.56, 0.258, 0.235] 66.586
[0.9, 0.5, 0.5, -1.56, 0.286, 0.206] 67.805
[0.9, 0.5, 0.5, -1.56, 0.315, 0.178] 62.042
[0.9, 0.5, 0.5, -1.56, 0.344, 0.149] 73.8
[0.9, 0.5, 0.5, -1.56, 0.373, 0.12] 59.015
[0.9, 0.5, 0.5, -1.56, 0.402, 0.091] 69.019
[0.9, 0.5, 0.5, -1.56, 0.43, 0.062] 76.967
[0.9, 0.5, 0.5, -1.56, 0.459, 0.034] 605.845
[0.9, 0.5, 0.5, -1.56, 0.488, 0.016] 60.375
[0.9, 0.5, 0.5, -1.56, 0.517, 0.007] 68.934
[0.9, 0.5, 0.5, -1.56, 0.546, 0.003] 59.022
[0.9, 0.5, 0.5, -1.56, 0.574, 0.002] 75.185
[0.9, 0.5, 0.5, -1.56, 0.603, 0.001] 66.9
[0.9, 0.5, 0.5, -1.56, 0.632, 0.0] 62.375
[0.9, 0.5, 0.5, -1.56, 0.661, 0.0] 62.422
[0.9, 0.5, 0.5, -1.56, 0.682, 0.0] 91.08
[0.9, 0.5, 0.5, -1.56, 0.692, 0.0] 61.915
[0.871, 0.5, 0.471, -1.531, 0.663, 0.0] 63.399
[0.842, 0.5, 0.442, -1.502, 0.634, -0.0] 61.692
[0.814, 0.5, 0.414, -1.474, 0.605, 0.0] 63.089
[0.785, 0.5, 0.385, -1.445, 0.576, -0.0] 92.552
[0.756, 0.5, 0.356, -1.416, 0.548, 0.0] 64.135
[0.727, 0.5, 0.327, -1.387, 0.519, -0.0] 61.583
[0.698, 0.5, 0.298, -1.358, 0.49, 0.0] 60.936
[0.67, 0.5, 0.27, -1.33, 0.461, -0.0] 62.38
[0.641, 0.5, 0.241, -1.301, 0.432, 0.0] 76.281
[0.612, 0.5, 0.212, -1.272, 0.404, 0.0] 61.004
[0.583, 0.5, 0.183, -1.243, 0.375, -0.0] 61.35
[0.554, 0.5, 0.154, -1.214, 0.346, 0.0] 77.046
[0.526, 0.5, 0.126, -1.186, 0.317, -0.0] 61.974
[0.497, 0.5, 0.097, -1.157, 0.288, -0.0] 60.899
[0.468, 0.5, 0.068, -1.128, 0.26, 0.0] 77.878
[0.439, 0.5, 0.039, -1.099, 0.231, -0.0] 61.508
[0.41, 0.5, 0.01, -1.07, 0.202, -0.0] 63.38
[0.382, 0.5, -0.018, -1.042, 0.173, -0.0] 62.088
[0.353, 0.5, -0.047, -1.013, 0.144, -0.0] 61.999
[0.324, 0.5, -0.076, -0.984, 0.116, -0.0] 77.807
[0.295, 0.5, -0.105, -0.955, 0.087, -0.0] 62.372
[0.266, 0.5, -0.134, -0.926, 0.058, 0.0] 59.83
[0.238, 0.5, -0.162, -0.898, 0.029, 0.0] 60.779
[0.209, 0.5, -0.191, -0.869, 0.001, 0.0] 81.008
[0.18, 0.5, -0.22, -0.84, -0.028, -0.0] 60.937
[0.151, 0.5, -0.249, -0.811, -0.057, -0.0] 60.093
[0.122, 0.5, -0.278, -0.782, -0.086, -0.0] 67.037
[0.094, 0.5, -0.306, -0.754, -0.115, 0.0] 76.77
[0.065, 0.5, -0.335, -0.725, -0.144, 0.0] 64.174
[0.036, 0.5, -0.364, -0.696, -0.172, 0.0] 61.418
[0.017, 0.5, -0.393, -0.667, -0.201, -0.0] 61.753
[0.008, 0.5, -0.422, -0.638, -0.23, -0.0] 76.969
[0.004, 0.5, -0.45, -0.61, -0.259, -0.0] 811.696
[0.002, 0.5, -0.479, -0.581, -0.288, -0.0] 67.169
[0.001, 0.5, -0.508, -0.552, -0.316, 0.0] 61.114
[0.0, 0.5, -0.537, -0.523, -0.345, 0.0] 74.351
[0.0, 0.5, -0.566, -0.494, -0.374, 0.0] 66.348
[0.0, 0.5, -0.594, -0.466, -0.403, 0.0] 79.503
[0.0, 0.5, -0.623, -0.437, -0.432, 0.0] 62.783
[0.0, 0.5, -0.652, -0.408, -0.46, 0.0] 62.024
[0.0, 0.5, -0.681, -0.379, -0.489, 0.0] 63.938
[0.0, 0.5, -0.71, -0.35, -0.518, 0.0] 61.264
[0.0, 0.5, -0.738, -0.322, -0.547, 0.0] 62.855
[0.0, 0.5, -0.767, -0.293, -0.574, 0.0] 91.907
[-0.0, 0.5, -0.796, -0.264, -0.588, 0.0] 62.798
[-0.0, 0.5, -0.825, -0.235, -0.594, 0.0] 61.752
[-0.0, 0.5, -0.854, -0.206, -0.597, 0.0] 62.347
[-0.0, 0.5, -0.882, -0.178, -0.599, 0.0] 62.51
[-0.0, 0.5, -0.911, -0.149, -0.599, 0.0] 93.195
[-0.0, 0.5, -0.94, -0.12, -0.6, 0.0] 64.859
[-0.0, 0.5, -0.969, -0.091, -0.6, -0.0] 62.449
[-0.0, 0.5, -0.998, -0.062, -0.6, -0.0] 62.668
[-0.0, 0.5, -1.026, -0.034, -0.6, -0.0] 62.221
[-0.0, 0.5, -1.055, -0.016, -0.6, 0.0] 76.19
[-0.0, 0.5, -1.084, -0.007, -0.6, 0.0] 61.369
[-0.0, 0.5, -1.113, -0.003, -0.6, -0.0] 62.632
[-0.0, 0.5, -1.142, -0.002, -0.6, 0.0] 77.113
[-0.0, 0.5, -1.17, -0.001, -0.6, 0.0] 61.794
[-0.0, 0.5, -1.199, -0.0, -0.6, 0.0] 60.986
[-0.0, 0.5, -1.225, -0.0, -0.6, 0.0] 61.66
[-0.0, 0.5, -1.239, -0.0, -0.6, -0.0] 77.459
[-0.0, 0.5, -1.245, -0.0, -0.6, -0.0] 59.966
[-0.029, 0.5, -1.248, -0.029, -0.571, -0.029] 61.587
[-0.058, 0.5, -1.249, -0.058, -0.542, -0.058] 62.611
[-0.086, 0.5, -1.249, -0.086, -0.514, -0.086] 61.995
[-0.115, 0.5, -1.25, -0.115, -0.485, -0.115] 78.628
[-0.144, 0.5, -1.25, -0.144, -0.456, -0.144] 63.674
[-0.173, 0.5, -1.25, -0.173, -0.427, -0.173] 60.961
[-0.202, 0.5, -1.25, -0.202, -0.398, -0.202] 62.343
[-0.23, 0.5, -1.25, -0.23, -0.37, -0.23] 77.52
[-0.259, 0.5, -1.25, -0.259, -0.341, -0.259] 61.173
[-0.288, 0.5, -1.25, -0.288, -0.312, -0.288] 61.291
[-0.317, 0.5, -1.25, -0.317, -0.283, -0.317] 63.148
[-0.346, 0.5, -1.25, -0.346, -0.254, -0.345] 76.953
[-0.374, 0.5, -1.25, -0.374, -0.226, -0.374] 62.592
[-0.403, 0.5, -1.25, -0.403, -0.197, -0.403] 62.389
[-0.432, 0.5, -1.25, -0.432, -0.168, -0.432] 62.666
[-0.461, 0.5, -1.25, -0.461, -0.139, -0.461] 77.899
[-0.49, 0.5, -1.25, -0.49, -0.11, -0.489] 62.719
[-0.518, 0.5, -1.25, -0.518, -0.082, -0.518] 62.341
[-0.547, 0.5, -1.25, -0.547, -0.053, -0.547] 62.553
[-0.576, 0.5, -1.25, -0.576, -0.024, -0.576] 77.364
[-0.605, 0.5, -1.25, -0.605, 0.005, -0.605] 60.057
[-0.634, 0.5, -1.25, -0.634, 0.034, -0.633] 62.62
[-0.662, 0.5, -1.25, -0.662, 0.062, -0.662] 77.075
[-0.691, 0.5, -1.25, -0.691, 0.091, -0.691] 64.095
[-0.72, 0.5, -1.25, -0.72, 0.12, -0.72] 61.667
[-0.749, 0.5, -1.25, -0.749, 0.149, -0.749] 61.21
[-0.778, 0.5, -1.25, -0.778, 0.178, -0.777] 62.776
[-0.806, 0.5, -1.25, -0.806, 0.206, -0.806] 75.768
[-0.835, 0.5, -1.25, -0.835, 0.235, -0.835] 78.094
[-0.864, 0.5, -1.25, -0.864, 0.264, -0.864] 61.66
[-0.893, 0.5, -1.25, -0.893, 0.293, -0.893] 77.278
[-0.922, 0.5, -1.25, -0.922, 0.322, -0.921] 52.448
[-0.95, 0.5, -1.25, -0.95, 0.35, -0.95] 57.372
[-0.976, 0.5, -1.25, -0.976, 0.379, -0.979] 76.976
[-0.989, 0.5, -1.25, -0.989, 0.408, -1.008] 52.404
[-0.995, 0.5, -1.25, -0.995, 0.437, -1.036] 71.562
[-0.998, 0.5, -1.25, -0.998, 0.466, -1.065] 48.411
[-0.999, 0.5, -1.25, -0.999, 0.494, -1.094] 108.775
[-0.999, 0.5, -1.25, -0.999, 0.523, -1.123] 61.498
[-1.0, 0.5, -1.25, -1.0, 0.552, -1.152] 63.154
[-1.0, 0.5, -1.25, -1.0, 0.581, -1.18] 61.003
[-1.0, 0.5, -1.25, -1.0, 0.61, -1.209] 63.073
[-1.0, 0.5, -1.25, -1.0, 0.638, -1.238] 77.189
[-1.0, 0.5, -1.25, -1.0, 0.667, -1.267] 77.898
[-1.0, 0.5, -1.25, -1.0, 0.696, -1.296] 62.622
[-1.0, 0.5, -1.25, -1.0, 0.723, -1.324] 61.618
[-1.0, 0.5, -1.25, -1.0, 0.738, -1.353] 63.357
[-1.0, 0.5, -1.25, -1.0, 0.744, -1.382] 738.919
[-1.0, 0.5, -1.25, -1.0, 0.747, -1.411] 65.066
[-1.0, 0.5, -1.25, -1.0, 0.749, -1.44] 65.0
[-1.0, 0.5, -1.25, -1.0, 0.749, -1.468] 59.925
[-1.0, 0.5, -1.25, -1.0, 0.75, -1.497] 65.387
[-1.0, 0.5, -1.25, -1.0, 0.75, -1.526] 60.477
[-1.0, 0.5, -1.25, -1.0, 0.75, -1.555] 93.723
[-1.0, 0.5, -1.25, -1.0, 0.75, -1.584] 61.39
[-1.0, 0.5, -1.25, -1.0, 0.75, -1.612] 62.3
[-1.0, 0.5, -1.25, -1.0, 0.75, -1.641] 59.893
[-1.0, 0.5, -1.25, -1.0, 0.75, -1.67] 82.512
[-1.0, 0.5, -1.25, -1.0, 0.75, -1.699] 60.707
[-1.0, 0.5, -1.25, -1.0, 0.75, -1.728] 60.552
[-1.0, 0.5, -1.25, -1.0, 0.75, -1.756] 64.452
[-1.0, 0.5, -1.25, -1.0, 0.75, -1.785] 77.519
[-1.0, 0.5, -1.25, -1.0, 0.75, -1.814] 64.583
[-1.0, 0.5, -1.25, -1.0, 0.75, -1.843] 62.202
[-1.0, 0.5, -1.25, -1.0, 0.75, -1.872] 60.647
[-1.0, 0.5, -1.25, -1.0, 0.75, -1.9] 63.767
[-1.0, 0.5, -1.25, -1.0, 0.75, -1.929] 93.292
[-1.0, 0.5, -1.25, -1.0, 0.75, -1.958] 60.601
[-1.0, 0.5, -1.25, -1.0, 0.75, -1.987] 62.327
[-1.0, 0.5, -1.25, -1.0, 0.75, -2.016] 62.739
[-1.0, 0.5, -1.25, -1.0, 0.75, -2.044] 77.841
[-1.0, 0.5, -1.25, -1.0, 0.75, -2.073] 63.262
[-1.0, 0.5, -1.25, -1.0, 0.75, -2.102] 62.976
[-1.0, 0.5, -1.25, -1.0, 0.75, -2.131] 62.07
[-1.0, 0.5, -1.25, -1.0, 0.75, -2.16] 77.933
[-1.0, 0.5, -1.25, -1.0, 0.75, -2.188] 63.001
[-1.0, 0.5, -1.25, -1.0, 0.75, -2.217] 75.959
[-1.0, 0.5, -1.25, -1.0, 0.75, -2.246] 76.103
[-1.0, 0.5, -1.25, -1.0, 0.75, -2.275] 51.095
[-1.0, 0.5, -1.25, -1.0, 0.75, -2.304] 66.847
[-1.0, 0.5, -1.25, -1.0, 0.75, -2.332] 86.059
[-1.0, 0.5, -1.25, -1.0, 0.75, -2.361] 59.84
[-1.0, 0.5, -1.25, -1.0, 0.75, -2.382] 61.653
[-1.0, 0.5, -1.25, -1.0, 0.75, -2.392] 63.505
[-0.971, 0.471, -1.221, -0.971, 0.721, -2.363] 60.935
[-0.942, 0.442, -1.192, -0.942, 0.692, -2.334] 63.019
[-0.914, 0.414, -1.164, -0.914, 0.664, -2.305] 75.026
[-0.885, 0.385, -1.135, -0.885, 0.635, -2.277] 56.711
[-0.856, 0.356, -1.106, -0.856, 0.606, -2.248] 69.502
[-0.827, 0.327, -1.077, -0.827, 0.577, -2.219] 62.006
[-0.798, 0.298, -1.048, -0.798, 0.548, -2.19] 55.329
[-0.77, 0.27, -1.02, -0.77, 0.52, -2.161] 67.233
[-0.741, 0.241, -0.991, -0.741, 0.491, -2.133] 64.392
[-0.712, 0.212, -0.962, -0.712, 0.462, -2.104] 62.977
[-0.683, 0.183, -0.933, -0.683, 0.433, -2.075] 74.407
[-0.654, 0.154, -0.904, -0.654, 0.404, -2.046] 67.35
[-0.626, 0.126, -0.876, -0.626, 0.376, -2.018] 60.743
[-0.597, 0.097, -0.847, -0.597, 0.347, -1.989] 62.35
[-0.568, 0.068, -0.818, -0.568, 0.318, -1.96] 93.272
[-0.539, 0.039, -0.789, -0.539, 0.289, -1.931] 62.128
[-0.51, 0.018, -0.76, -0.51, 0.261, -1.902] 55.739
[-0.482, 0.008, -0.732, -0.482, 0.232, -1.874] 66.711
[-0.453, 0.004, -0.703, -0.453, 0.203, -1.845] 62.53
[-0.424, 0.002, -0.674, -0.424, 0.174, -1.816] 78.516
[-0.395, 0.001, -0.645, -0.395, 0.145, -1.787] 63.913
[-0.366, 0.0, -0.616, -0.366, 0.117, -1.758] 63.071
[-0.338, 0.0, -0.588, -0.338, 0.088, -1.73] 59.773
[-0.309, 0.0, -0.559, -0.309, 0.059, -1.701] 78.684
[-0.28, 0.0, -0.53, -0.28, 0.03, -1.672] 62.946
[-0.251, 0.0, -0.501, -0.251, 0.014, -1.643] 62.689
[-0.222, -0.0, -0.472, -0.222, 0.006, -1.614] 61.923
[-0.194, -0.0, -0.444, -0.194, 0.003, -1.586] 93.009
[-0.165, -0.0, -0.415, -0.165, 0.001, -1.557] 60.42
[-0.136, -0.0, -0.386, -0.136, 0.001, -1.528] 62.5
[-0.107, -0.0, -0.357, -0.107, 0.0, -1.499] 61.412
[-0.078, 0.0, -0.328, -0.078, 0.0, -1.47] 61.654
[-0.05, -0.0, -0.3, -0.05, 0.0, -1.442] 79.912
[-0.024, -0.0, -0.271, -0.024, -0.0, -1.413] 76.258
[-0.011, -0.0, -0.242, -0.011, -0.0, -1.384] 62.844
[-0.005, -0.0, -0.213, -0.005, -0.0, -1.355] 62.004
[-0.002, -0.0, -0.184, -0.002, 0.0, -1.326] 76.813
[-0.001, -0.0, -0.156, -0.001, -0.0, -1.298] 64.54
[-0.001, -0.0, -0.127, -0.001, 0.0, -1.269] 60.025
[-0.0, -0.0, -0.098, -0.0, 0.0, -1.24] 61.732
[-0.0, -0.0, -0.069, -0.0, -0.0, -1.211] 62.354
[-0.0, -0.0, -0.04, -0.0, -0.0, -1.182] 62.664
[-0.0, -0.0, -0.019, -0.0, 0.0, -1.154] 62.022
[-0.0, -0.0, -0.009, -0.0, -0.0, -1.125] 77.653
[-0.0, -0.0, -0.004, 0.0, -0.0, -1.096] 64.337
[-0.0, -0.0, -0.002, -0.0, 0.0, -1.067] 60.762
[-0.0, -0.0, -0.001, -0.0, -0.0, -1.038] 77.021
[-0.0, -0.0, -0.0, 0.0, 0.0, -1.01] 64.383
[-0.0, -0.0, -0.0, 0.0, -0.0, -0.981] 62.964
[-0.0, -0.0, -0.0, -0.0, -0.0, -0.952] 61.464
[-0.0, -0.0, -0.0, 0.0, -0.0, -0.923] 62.683
[-0.0, -0.0, -0.0, 0.0, -0.0, -0.894] 78.431
[-0.0, -0.0, -0.0, 0.0, 0.0, -0.866] 61.089
[-0.0, -0.0, -0.0, 0.0, -0.0, -0.837] 62.389
[-0.0, -0.0, -0.0, 0.0, 0.0, -0.808] 76.985
[-0.0, -0.0, -0.0, 0.0, -0.0, -0.779] 63.839
[-0.0, -0.0, 0.0, 0.0, -0.0, -0.75] 62.487
[-0.0, -0.0, 0.0, 0.0, -0.0, -0.722] 60.595
[-0.0, -0.0, 0.0, 0.0, -0.0, -0.693] 77.539
[-0.0, -0.0, 0.0, 0.0, -0.0, -0.664] 65.116
[-0.0, -0.0, 0.0, 0.0, -0.0, -0.635] 62.041
[-0.0, -0.0, 0.0, 0.0, -0.0, -0.606] 78.926
[-0.0, -0.0, 0.0, 0.0, -0.0, -0.578] 61.497
[-0.0, -0.0, 0.0, 0.0, -0.0, -0.549] 64.417
[-0.0, -0.0, 0.0, 0.0, -0.0, -0.52] 61.166
[-0.0, -0.0, 0.0, 0.0, -0.0, -0.491] 63.191
[-0.0, -0.0, 0.0, 0.0, -0.0, -0.462] 77.247
[-0.0, -0.0, 0.0, 0.0, -0.0, -0.434] 78.27
[-0.0, -0.0, 0.0, 0.0, -0.0, -0.405] 60.772
[-0.0, -0.0, 0.0, 0.0, -0.0, -0.376] 61.376
[-0.0, -0.0, 0.0, 0.0, -0.0, -0.347] 76.697
[-0.0, -0.0, 0.0, 0.0, -0.0, -0.318] 62.831
[-0.0, -0.0, 0.0, 0.0, -0.0, -0.29] 62.154
[-0.0, -0.0, 0.0, 0.0, -0.0, -0.261] 61.672
[-0.0, -0.0, 0.0, 0.0, -0.0, -0.232] 61.098
[-0.0, -0.0, 0.0, 0.0, -0.0, -0.203] 93.626
[-0.0, -0.0, 0.0, 0.0, -0.0, -0.174] 63.361
[-0.0, -0.0, 0.0, 0.0, -0.0, -0.146] 62.878
[-0.0, -0.0, 0.0, -0.0, -0.0, -0.117] 60.996
[-0.0, -0.0, 0.0, -0.0, -0.0, -0.088] 62.471
[-0.0, -0.0, 0.0, -0.0, -0.0, -0.059] 77.639
[-0.0, -0.0, 0.0, -0.0, -0.0, -0.031] 61.731
[-0.0, -0.0, 0.0, -0.0, -0.0, -0.014] 59.147
[-0.0, -0.0, 0.0, -0.0, -0.0, -0.007] 107.247
