[0.0, -0.0, -0.003, -0.0, -0.0, -0.0] 96.203
[0.029, 0.029, -0.032, -0.027, -0.029, -0.029] 63.784
[0.058, 0.058, -0.057, -0.042, -0.058, -0.058] 63.859
[0.086, 0.086, -0.069, -0.048, -0.086, -0.086] 64.187
[0.115, 0.115, -0.074, -0.051, -0.115, -0.115] 78.906
[0.144, 0.144, -0.077, -0.053, -0.144, -0.144] 63.653
[0.173, 0.173, -0.078, -0.053, -0.173, -0.173] 63.742
[0.202, 0.202, -0.079, -0.054, -0.202, -0.202] 63.641
[0.23, 0.23, -0.079, -0.054, -0.23, -0.23] 79.479
[0.259, 0.259, -0.079, -0.054, -0.259, -0.259] 63.877
[0.288, 0.288, -0.079, -0.054, -0.288, -0.288] 64.526
[0.317, 0.317, -0.079, -0.054, -0.317, -0.317] 62.46
[0.346, 0.346, -0.079, -0.054, -0.346, -0.346] 79.679
[0.374, 0.374, -0.079, -0.054, -0.374, -0.374] 63.558
[0.403, 0.403, -0.079, -0.054, -0.403, -0.403] 65.2
[0.432, 0.432, -0.079, -0.054, -0.432, -0.432] 63.209
[0.461, 0.461, -0.079, -0.054, -0.461, -0.461] 63.87
[0.49, 0.49, -0.079, -0.054, -0.49, -0.49] 80.344
[0.518, 0.518, -0.079, -0.054, -0.518, -0.518] 63.654
[0.547, 0.547, -0.079, -0.054, -0.547, -0.547] 63.767
[0.576, 0.571, -0.079, -0.054, -0.576, -0.576] 64.777
[0.605, 0.582, -0.079, -0.054, -0.605, -0.605] 80.071
[0.634, 0.588, -0.079, -0.054, -0.634, -0.634] 59.406
[0.662, 0.59, -0.079, -0.054, -0.662, -0.662] 67.436
[0.691, 0.591, -0.079, -0.054, -0.691, -0.691] 64.225
[0.72, 0.592, -0.079, -0.054, -0.72, -0.72] 94.495
[0.749, 0.592, -0.079, -0.054, -0.736, -0.749] 64.089
[0.778, 0.592, -0.079, -0.054, -0.744, -0.778] 63.214
[0.806, 0.592, -0.079, -0.054, -0.747, -0.806] 64.368
[0.835, 0.592, -0.079, -0.054, -0.749, -0.835] 64.237
[0.864, 0.592, -0.079, -0.054, -0.749, -0.864] 79.656
[0.893, 0.592, -0.079, -0.054, -0.75, -0.893] 64.46
[0.922, 0.592, -0.079, -0.054, -0.75, -0.922] 63.924
[0.95, 0.592, -0.079, -0.054, -0.75, -0.95] 63.55
[0.979, 0.592, -0.079, -0.054, -0.75, -0.979] 80.403
[1.008, 0.592, -0.079, -0.054, -0.75, -1.008] 63.755
[1.037, 0.592, -0.079, -0.054, -0.75, -1.037] 63.721
[1.066, 0.592, -0.079, -0.054, -0.75, -1.066] 79.769
[1.094, 0.592, -0.079, -0.054, -0.75, -1.094] 63.745
[1.123, 0.592, -0.079, -0.054, -0.75, -1.123] 64.977
[1.152, 0.592, -0.079, -0.054, -0.75, -1.152] 63.223
[1.181, 0.592, -0.079, -0.054, -0.75, -1.181] 63.09
[1.21, 0.592, -0.079, -0.054, -0.75, -1.21] 80.022
[1.233, 0.592, -0.079, -0.054, -0.75, -1.238] 64.062
[1.244, 0.592, -0.079, -0.054, -0.75, -1.267] 63.837
[1.249, 0.592, -0.079, -0.054, -0.75, -1.296] 63.666
[1.251, 0.592, -0.079, -0.054, -0.75, -1.325] 80.099
[1.252, 0.592, -0.079, -0.054, -0.75, -1.354] 79.391
[1.253, 0.592, -0.079, -0.054, -0.75, -1.382] 63.9
[1.253, 0.592, -0.079, -0.054, -0.75, -1.411] 64.508
[1.253, 0.592, -0.079, -0.054, -0.75, -1.44] 64.269
[1.253, 0.592, -0.079, -0.054, -0.75, -1.469] 64.073
[1.253, 0.592, -0.079, -0.054, -0.75, -1.486] 79.293
[1.253, 0.592, -0.079, -0.054, -0.75, -1.493] 62.986
[1.224, 0.563, -0.05, -0.083, -0.779, -1.465] 64.06
[1.195, 0.534, -0.021, -0.112, -0.808, -1.436] 63.408
[1.167, 0.506, 0.007, -0.14, -0.836, -1.407] 80.301
[1.138, 0.477, 0.036, -0.169, -0.865, -1.378] 63.731
[1.109, 0.448, 0.065, -0.198, -0.894, -1.349] 64.109
[1.08, 0.419, 0.094, -0.227, -0.923, -1.321] 79.501
[1.051, 0.39, 0.123, -0.256, -0.952, -1.292] 63.523
[1.023, 0.362, 0.151, -0.284, -0.98, -1.263] 63.604
[0.994, 0.333, 0.18, -0.313, -1.009, -1.234] 63.453
[0.965, 0.304, 0.209, -0.342, -1.038, -1.205] 63.685
[0.936, 0.275, 0.238, -0.371, -1.067, -1.177] 79.857
[0.907, 0.246, 0.267, -0.4, -1.095, -1.148] 64.297
[0.879, 0.218, 0.295, -0.428, -1.124, -1.119] 63.65
[0.85, 0.189, 0.324, -0.457, -1.153, -1.09] 66.324
[0.821, 0.16, 0.353, -0.486, -1.182, -1.061] 77.9
[0.792, 0.131, 0.382, -0.515, -1.211, -1.033] 48.071
[0.763, 0.102, 0.411, -0.544, -1.239, -1.004] 64.023
[0.735, 0.074, 0.439, -0.572, -1.268, -0.975] 79.881
[0.706, 0.045, 0.468, -0.601, -1.297, -0.946] 77.847
[0.677, 0.016, 0.497, -0.63, -1.326, -0.917] 64.193
[0.648, -0.013, 0.526, -0.659, -1.355, -0.889] 63.313
[0.619, -0.042, 0.555, -0.688, -1.383, -0.86] 63.895
[0.591, -0.07, 0.583, -0.716, -1.412, -0.831] 78.664
[0.562, -0.099, 0.612, -0.745, -1.441, -0.802] 63.395
[0.533, -0.128, 0.641, -0.774, -1.469, -0.773] 64.026
[0.504, -0.157, 0.658, -0.803, -1.485, -0.745] 79.549
[0.475, -0.186, 0.666, -0.832, -1.493, -0.716] 63.157
[0.447, -0.214, 0.67, -0.86, -1.496, -0.687] 64.055
[0.418, -0.243, 0.672, -0.889, -1.498, -0.658] 64.418
[0.389, -0.272, 0.672, -0.918, -1.498, -0.629] 63.634
[0.36, -0.301, 0.673, -0.947, -1.499, -0.601] 80.155
[0.331, -0.33, 0.673, -0.976, -1.499, -0.572] 62.419
[0.303, -0.358, 0.673, -1.004, -1.499, -0.543] 63.586
[0.274, -0.387, 0.673, -1.033, -1.499, -0.514] 63.805
[0.245, -0.416, 0.673, -1.062, -1.499, -0.485] 95.15
[0.216, -0.445, 0.673, -1.091, -1.499, -0.457] 64.901
[0.187, -0.474, 0.673, -1.12, -1.499, -0.428] 63.733
[0.159, -0.502, 0.673, -1.148, -1.499, -0.399] 64.205
[0.13, -0.531, 0.673, -1.177, -1.499, -0.37] 63.76
[0.112, -0.56, 0.673, -1.206, -1.499, -0.341] 79.948
[0.103, -0.577, 0.673, -1.235, -1.499, -0.313] 79.983
[0.099, -0.585, 0.673, -1.264, -1.499, -0.284] 63.718
[0.098, -0.589, 0.673, -1.292, -1.499, -0.255] 64.617
[0.097, -0.591, 0.673, -1.321, -1.499, -0.226] 63.595
[0.096, -0.591, 0.673, -1.35, -1.499, -0.197] 96.549
[0.096, -0.592, 0.673, -1.376, -1.499, -0.169] 62.602
[0.096, -0.592, 0.673, -1.389, -1.499, -0.14] 63.659
[0.096, -0.592, 0.673, -1.395, -1.499, -0.111] 63.806
[0.096, -0.592, 0.673, -1.398, -1.499, -0.082] 62.481
[0.096, -0.592, 0.673, -1.399, -1.499, -0.053] 78.809
[0.096, -0.592, 0.673, -1.399, -1.499, -0.025] 63.671
[0.096, -0.592, 0.673, -1.4, -1.499, 0.004] 63.041
[0.096, -0.592, 0.673, -1.4, -1.499, 0.033] 64.075
[0.096, -0.592, 0.673, -1.4, -1.499, 0.062] 79.463
[0.096, -0.592, 0.673, -1.4, -1.499, 0.091] 80.439
[0.096, -0.592, 0.673, -1.4, -1.499, 0.119] 63.787
[0.096, -0.592, 0.673, -1.4, -1.499, 0.148] 64.114
[0.096, -0.592, 0.673, -1.4, -1.499, 0.177] 62.218
[0.096, -0.592, 0.673, -1.4, -1.499, 0.206] 79.842
[0.096, -0.592, 0.673, -1.4, -1.499, 0.235] 63.863
[0.096, -0.592, 0.673, -1.4, -1.499, 0.263] 64.486
[0.096, -0.592, 0.673, -1.4, -1.499, 0.292] 63.763
[0.096, -0.592, 0.673, -1.4, -1.499, 0.321] 79.537
[0.096, -0.592, 0.673, -1.4, -1.499, 0.35] 64.109
[0.096, -0.592, 0.673, -1.4, -1.499, 0.379] 63.79
[0.096, -0.592, 0.673, -1.4, -1.499, 0.407] 63.417
[0.096, -0.592, 0.673, -1.4, -1.499, 0.436] 78.503
[0.096, -0.592, 0.673, -1.4, -1.499, 0.465] 79.704
[0.096, -0.592, 0.673, -1.4, -1.499, 0.494] 63.884
[0.096, -0.592, 0.673, -1.4, -1.499, 0.523] 62.99
[0.096, -0.592, 0.673, -1.4, -1.499, 0.551] 63.549
[0.096, -0.592, 0.673, -1.4, -1.499, 0.58] 79.798
[0.096, -0.592, 0.673, -1.4, -1.499, 0.609] 63.916
[0.096, -0.592, 0.673, -1.4, -1.499, 0.638] 64.19
[0.096, -0.592, 0.673, -1.4, -1.499, 0.667] 78.486
[0.096, -0.592, 0.673, -1.4, -1.499, 0.695] 63.831
[0.096, -0.592, 0.673, -1.4, -1.499, 0.724] 63.887
[0.096, -0.592, 0.673, -1.4, -1.499, 0.753] 48.361
[0.096, -0.592, 0.673, -1.4, -1.499, 0.782] 63.847
[0.096, -0.592, 0.673, -1.4, -1.499, 0.811] 80.408
[0.096, -0.592, 0.673, -1.4, -1.499, 0.839] 79.579
[0.096, -0.592, 0.673, -1.4, -1.499, 0.868] 63.187
[0.096, -0.592, 0.673, -1.4, -1.499, 0.897] 63.09
[0.096, -0.592, 0.673, -1.4, -1.499, 0.926] 64.089
[0.096, -0.592, 0.673, -1.4, -1.499, 0.955] 79.459
[0.096, -0.592, 0.673, -1.4, -1.499, 0.983] 63.39
[0.096, -0.592, 0.673, -1.4, -1.499, 1.012] 64.147
[0.096, -0.592, 0.673, -1.4, -1.499, 1.041] 80.04
[0.096, -0.592, 0.673, -1.4, -1.499, 1.07] 79.99
[0.096, -0.592, 0.673, -1.4, -1.499, 1.099] 64.322
[0.096, -0.592, 0.673, -1.4, -1.499, 1.127] 63.473
[0.096, -0.592, 0.673, -1.4, -1.499, 1.156] 64.822
[0.096, -0.592, 0.673, -1.4, -1.499, 1.185] 63.217
[0.096, -0.592, 0.673, -1.4, -1.499, 1.214] 62.877
[0.096, -0.592, 0.673, -1.4, -1.499, 1.243] 95.597
[0.096, -0.592, 0.673, -1.4, -1.499, 1.271] 63.349
[0.096, -0.592, 0.673, -1.4, -1.499, 1.3] 63.548
[0.096, -0.592, 0.673, -1.4, -1.499, 1.329] 63.485
[0.096, -0.592, 0.673, -1.4, -1.499, 1.358] 63.888
[0.096, -0.592, 0.673, -1.4, -1.499, 1.387] 79.04
[0.096, -0.592, 0.673, -1.4, -1.499, 1.415] 79.848
[0.096, -0.592, 0.673, -1.4, -1.499, 1.444] 63.475
[0.096, -0.592, 0.673, -1.4, -1.499, 1.473] 63.424
[0.096, -0.592, 0.673, -1.4, -1.499, 1.502] 64.142
[0.096, -0.592, 0.673, -1.4, -1.499, 1.531] 96.295
[0.096, -0.592, 0.673, -1.4, -1.499, 1.559] 64.099
[0.096, -0.592, 0.673, -1.4, -1.499, 1.588] 63.853
[0.096, -0.592, 0.673, -1.4, -1.499, 1.617] 63.504
[0.096, -0.592, 0.673, -1.4, -1.499, 1.646] 64.195
[0.096, -0.592, 0.673, -1.4, -1.499, 1.675] 79.957
[0.096, -0.592, 0.673, -1.4, -1.499, 1.703] 64.211
[0.096, -0.592, 0.673, -1.4, -1.499, 1.732] 62.844
[0.096, -0.592, 0.673, -1.4, -1.499, 1.761] 63.083
[0.096, -0.592, 0.673, -1.4, -1.499, 1.79] 95.895
[0.096, -0.592, 0.673, -1.4, -1.499, 1.819] 62.472
[0.096, -0.592, 0.673, -1.4, -1.499, 1.847] 63.665
[0.096, -0.592, 0.673, -1.4, -1.499, 1.876] 64.193
[0.096, -0.592, 0.673, -1.4, -1.499, 1.905] 64.313
[0.096, -0.592, 0.673, -1.4, -1.499, 1.934] 79.861
[0.096, -0.592, 0.673, -1.4, -1.499, 1.963] 63.869
[0.096, -0.592, 0.673, -1.4, -1.499, 1.983] 63.831
[0.096, -0.592, 0.673, -1.4, -1.499, 1.992] 64.465
[0.125, -0.563, 0.644, -1.429, -1.47, 1.963] 79.451
[0.154, -0.534, 0.615, -1.458, -1.441, 1.934] 64.26
[0.182, -0.506, 0.587, -1.486, -1.413, 1.906] 64.227
[0.211, -0.477, 0.558, -1.515, -1.384, 1.877] 64.066
[0.24, -0.448, 0.53, -1.539, -1.355, 1.848] 79.699
[0.269, -0.419, 0.514, -1.55, -1.326, 1.819] 80.068
[0.298, -0.39, 0.506, -1.556, -1.297, 1.79] 63.897
[0.326, -0.362, 0.503, -1.558, -1.269, 1.762] 64.224
[0.355, -0.333, 0.501, -1.559, -1.24, 1.733] 64.26
[0.384, -0.304, 0.501, -1.56, -1.211, 1.704] 79.031
[0.413, -0.275, 0.5, -1.56, -1.182, 1.675] 64.253
[0.442, -0.246, 0.5, -1.56, -1.153, 1.646] 47.973
[0.47, -0.218, 0.5, -1.56, -1.125, 1.618] 64.454
[0.499, -0.189, 0.5, -1.56, -1.096, 1.589] 80.162
[0.528, -0.16, 0.5, -1.56, -1.067, 1.56] 63.666
[0.557, -0.131, 0.5, -1.56, -1.038, 1.531] 64.003
[0.586, -0.102, 0.5, -1.56, -1.009, 1.502] 63.997
[0.614, -0.074, 0.5, -1.56, -0.981, 1.474] 79.519
[0.643, -0.045, 0.5, -1.56, -0.952, 1.445] 64.195
[0.672, -0.016, 0.5, -1.56, -0.923, 1.416] 64.314
[0.701, 0.013, 0.5, -1.56, -0.894, 1.387] 79.884
[0.73, 0.042, 0.5, -1.56, -0.865, 1.358] 61.725
[0.758, 0.07, 0.5, -1.56, -0.837, 1.33] 63.535
[0.787, 0.099, 0.5, -1.56, -0.808, 1.301] 64.662
[0.816, 0.128, 0.5, -1.56, -0.779, 1.272] 62.117
[0.845, 0.157, 0.5, -1.56, -0.75, 1.243] 80.044
[0.872, 0.186, 0.5, -1.56, -0.721, 1.214] 79.539
[0.887, 0.214, 0.5, -1.56, -0.693, 1.186] 64.648
[0.894, 0.243, 0.5, -1.56, -0.664, 1.157] 63.986
[0.897, 0.272, 0.5, -1.56, -0.635, 1.128] 63.761
[0.899, 0.301, 0.5, -1.56, -0.606, 1.099] 79.066
[0.899, 0.33, 0.5, -1.56, -0.577, 1.07] 64.155
[0.9, 0.358, 0.5, -1.56, -0.549, 1.042] 63.858
[0.9, 0.387, 0.5, -1.56, -0.52, 1.013] 63.79
[0.9, 0.416, 0.5, -1.56, -0.491, 0.984] 80.002
[0.9, 0.445, 0.5, -1.56, -0.462, 0.955] 63.037
[0.9, 0.472, 0.5, -1.56, -0.433, 0.926] 63.235
[0.9, 0.487, 0.5, -1.56, -0.405, 0.898] 64.079
[0.9, 0.494, 0.5, -1.56, -0.376, 0.869] 79.012
[0.9, 0.497, 0.5, -1.56, -0.347, 0.84] 63.938
[0.9, 0.499, 0.5, -1.56, -0.318, 0.811] 63.843
[0.9, 0.499, 0.5, -1.56, -0.289, 0.782] 64.27
[0.9, 0.5, 0.5, -1.56, -0.261, 0.754] 79.49
[0.9, 0.5, 0.5, -1.56, -0.232, 0.725] 80.105
[0.9, 0.5, 0.5, -1.56, -0.203, 0.696] 64.061
[0.9, 0.5, 0.5, -1.56, -0.174, 0.667] 63.143
[0.9, 0.5, 0.5, -1.56, -0.145, 0.638] 63.234
[0.9, 0.5, 0.5, -1.56, -0.117, 0.61] 79.977
[0.9, 0.5, 0.5, -1.56, -0.088, 0.581] 63.57
[0.9, 0.5, 0.5, -1.56, -0.059, 0.552] 64.038
[0.9, 0.5, 0.5, -1.56, -0.03, 0.523] 64.202
[0.9, 0.5, 0.5, -1.56, -0.002, 0.494] 79.714
[0.9, 0.5, 0.5, -1.56, 0.027, 0.466] 63.516
[0.9, 0.5, 0.5, -1.56, 0.056, 0.437] 63.507
[0.9, 0.5, 0.5, -1.56, 0.085, 0.408] 62.957
[0.9, 0.5, 0.5, -1.56, 0.114, 0.379] 79.996
[0.9, 0.5, 0.5, -1.56, 0.142, 0.35] 64.227
[0.9, 0.5, 0.5, -1.56, 0.171, 0.322] 63.824
[0.9, 0.5, 0.5, -1.56, 0.2, 0.293] 64.476
[0.9, 0.5, 0.5, -1.56, 0.229, 0.264] 79.575
[0.9, 0.5, 0.5, -1.56, 0.258, 0.235] 64.26
[0.9, 0.5, 0.5, -1.56, 0.286, 0.206] 64.165
[0.9, 0.5, 0.5, -1.56, 0.315, 0.178] 63.3
[0.9, 0.5, 0.5, -1.56, 0.344, 0.149] 78.684
[0.9, 0.5, 0.5, -1.56, 0.373, 0.12] 63.245
[0.9, 0.5, 0.5, -1.56, 0.402, 0.091] 64.723
[0.9, 0.5, 0.5, -1.56, 0.43, 0.062] 63.239
[0.9, 0.5, 0.5, -1.56, 0.459, 0.034] 79.616
[0.9, 0.5, 0.5, -1.56, 0.488, 0.016] 64.29
[0.9, 0.5, 0.5, -1.56, 0.517, 0.007] 64.813
[0.9, 0.5, 0.5, -1.56, 0.546, 0.003] 62.797
[0.9, 0.5, 0.5, -1.56, 0.574, 0.002] 79.062
[0.9, 0.5, 0.5, -1.56, 0.603, 0.001] 64.123
[0.9, 0.5, 0.5, -1.56, 0.632, 0.0] 63.773
[0.9, 0.5, 0.5, -1.56, 0.661, 0.0] 64.101
[0.9, 0.5, 0.5, -1.56, 0.682, 0.0] 79.73
[0.9, 0.5, 0.5, -1.56, 0.692, 0.0] 63.839
[0.871, 0.5, 0.471, -1.531, 0.663, 0.0] 63.319
[0.842, 0.5, 0.442, -1.502, 0.634, -0.0] 64.07
[0.814, 0.5, 0.414, -1.474, 0.605, 0.0] 63.797
[0.785, 0.5, 0.385, -1.445, 0.576, -0.0] 95.955
[0.756, 0.5, 0.356, -1.416, 0.548, 0.0] 63.416
[0.727, 0.5, 0.327, -1.387, 0.519, -0.0] 64.17
[0.698, 0.5, 0.298, -1.358, 0.49, 0.0] 63.292
[0.67, 0.5, 0.27, -1.33, 0.461, -0.0] 79.413
[0.641, 0.5, 0.241, -1.301, 0.432, 0.0] 63.625
[0.612, 0.5, 0.212, -1.272, 0.404, 0.0] 63.367
[0.583, 0.5, 0.183, -1.243, 0.375, -0.0] 63.877
[0.554, 0.5, 0.154, -1.214, 0.346, 0.0] 79.781
[0.526, 0.5, 0.126, -1.186, 0.317, -0.0] 64.233
[0.497, 0.5, 0.097, -1.157, 0.288, -0.0] 63.501
[0.468, 0.5, 0.068, -1.128, 0.26, 0.0] 63.813
[0.439, 0.5, 0.039, -1.099, 0.231, -0.0] 79.946
[0.41, 0.5, 0.01, -1.07, 0.202, -0.0] 63.865
[0.382, 0.5, -0.018, -1.042, 0.173, -0.0] 63.89
[0.353, 0.5, -0.047, -1.013, 0.144, -0.0] 65.026
[0.324, 0.5, -0.076, -0.984, 0.116, -0.0] 63.923
[0.295, 0.5, -0.105, -0.955, 0.087, -0.0] 95.133
[0.266, 0.5, -0.134, -0.926, 0.058, 0.0] 63.967
[0.238, 0.5, -0.162, -0.898, 0.029, 0.0] 63.11
[0.209, 0.5, -0.191, -0.869, 0.001, 0.0] 64.262
[0.18, 0.5, -0.22, -0.84, -0.028, -0.0] 79.595
[0.151, 0.5, -0.249, -0.811, -0.057, -0.0] 63.639
[0.122, 0.5, -0.278, -0.782, -0.086, -0.0] 47.975
[0.094, 0.5, -0.306, -0.754, -0.115, 0.0] 65.087
[0.065, 0.5, -0.335, -0.725, -0.144, 0.0] 78.549
[0.036, 0.5, -0.364, -0.696, -0.172, 0.0] 64.828
[0.017, 0.5, -0.393, -0.667, -0.201, -0.0] 64.028
[0.008, 0.5, -0.422, -0.638, -0.23, -0.0] 63.099
[0.004, 0.5, -0.45, -0.61, -0.259, -0.0] 80.001
[0.002, 0.5, -0.479, -0.581, -0.288, -0.0] 63.802
[0.001, 0.5, -0.508, -0.552, -0.316, 0.0] 63.801
[0.0, 0.5, -0.537, -0.523, -0.345, 0.0] 62.148
[0.0, 0.5, -0.566, -0.494, -0.374, 0.0] 79.276
[0.0, 0.5, -0.594, -0.466, -0.403, 0.0] 63.957
[0.0, 0.5, -0.623, -0.437, -0.432, 0.0] 48.059
[0.0, 0.5, -0.652, -0.408, -0.46, 0.0] 79.449
[0.0, 0.5, -0.681, -0.379, -0.489, 0.0] 95.863
[0.0, 0.5, -0.71, -0.35, -0.518, 0.0] 80.544
[0.0, 0.5, -0.738, -0.322, -0.547, 0.0] 63.771
[0.0, 0.5, -0.767, -0.293, -0.574, 0.0] 63.636
[-0.0, 0.5, -0.796, -0.264, -0.588, 0.0] 63.298
[-0.0, 0.5, -0.825, -0.235, -0.594, 0.0] 79.795
[-0.0, 0.5, -0.854, -0.206, -0.597, 0.0] 63.212
[-0.0, 0.5, -0.882, -0.178, -0.599, 0.0] 64.276
[-0.0, 0.5, -0.911, -0.149, -0.599, 0.0] 63.619
[-0.0, 0.5, -0.94, -0.12, -0.6, 0.0] 80.366
[-0.0, 0.5, -0.969, -0.091, -0.6, -0.0] 80.252
[-0.0, 0.5, -0.998, -0.062, -0.6, -0.0] 64.175
[-0.0, 0.5, -1.026, -0.034, -0.6, -0.0] 63.074
[-0.0, 0.5, -1.055, -0.016, -0.6, 0.0] 64.043
[-0.0, 0.5, -1.084, -0.007, -0.6, 0.0] 80.664
[-0.0, 0.5, -1.113, -0.003, -0.6, -0.0] 63.45
[-0.0, 0.5, -1.142, -0.002, -0.6, 0.0] 64.011
[-0.0, 0.5, -1.17, -0.001, -0.6, 0.0] 64.214
[-0.0, 0.5, -1.199, -0.0, -0.6, 0.0] 63.995
[-0.0, 0.5, -1.225, -0.0, -0.6, 0.0] 95.837
[-0.0, 0.5, -1.239, -0.0, -0.6, -0.0] 63.815
[-0.0, 0.5, -1.245, -0.0, -0.6, -0.0] 64.156
[-0.029, 0.5, -1.248, -0.029, -0.571, -0.029] 63.795
[-0.058, 0.5, -1.249, -0.058, -0.542, -0.058] 80.55
[-0.086, 0.5, -1.249, -0.086, -0.514, -0.086] 63.713
[-0.115, 0.5, -1.25, -0.115, -0.485, -0.115] 64.119
[-0.144, 0.5, -1.25, -0.144, -0.456, -0.144] 63.158
[-0.173, 0.5, -1.25, -0.173, -0.427, -0.173] 79.028
[-0.202, 0.5, -1.25, -0.202, -0.398, -0.202] 63.3
[-0.23, 0.5, -1.25, -0.23, -0.37, -0.23] 62.91
[-0.259, 0.5, -1.25, -0.259, -0.341, -0.259] 63.254
[-0.288, 0.5, -1.25, -0.288, -0.312, -0.288] 64.056
[-0.317, 0.5, -1.25, -0.317, -0.283, -0.317] 95.872
[-0.346, 0.5, -1.25, -0.346, -0.254, -0.345] 65.014
[-0.374, 0.5, -1.25, -0.374, -0.226, -0.374] 63.879
[-0.403, 0.5, -1.25, -0.403, -0.197, -0.403] 64.407
[-0.432, 0.5, -1.25, -0.432, -0.168, -0.432] 79.224
[-0.461, 0.5, -1.25, -0.461, -0.139, -0.461] 63.74
[-0.49, 0.5, -1.25, -0.49, -0.11, -0.489] 63.997
[-0.518, 0.5, -1.25, -0.518, -0.082, -0.518] 63.567
[-0.547, 0.5, -1.25, -0.547, -0.053, -0.547] 79.631
[-0.576, 0.5, -1.25, -0.576, -0.024, -0.576] 79.126
[-0.605, 0.5, -1.25, -0.605, 0.005, -0.605] 63.695
[-0.634, 0.5, -1.25, -0.634, 0.034, -0.633] 63.755
[-0.662, 0.5, -1.25, -0.662, 0.062, -0.662] 63.573
[-0.691, 0.5, -1.25, -0.691, 0.091, -0.691] 79.7
[-0.72, 0.5, -1.25, -0.72, 0.12, -0.72] 63.419
[-0.749, 0.5, -1.25, -0.749, 0.149, -0.749] 63.581
[-0.778, 0.5, -1.25, -0.778, 0.178, -0.777] 63.936
[-0.806, 0.5, -1.25, -0.806, 0.206, -0.806] 80.013
[-0.835, 0.5, -1.25, -0.835, 0.235, -0.835] 64.235
[-0.864, 0.5, -1.25, -0.864, 0.264, -0.864] 63.622
[-0.893, 0.5, -1.25, -0.893, 0.293, -0.893] 63.763
[-0.922, 0.5, -1.25, -0.922, 0.322, -0.921] 80.995
[-0.95, 0.5, -1.25, -0.95, 0.35, -0.95] 62.708
[-0.976, 0.5, -1.25, -0.976, 0.379, -0.979] 63.395
[-0.989, 0.5, -1.25, -0.989, 0.408, -1.008] 62.699
[-0.995, 0.5, -1.25, -0.995, 0.437, -1.036] 79.608
[-0.998, 0.5, -1.25, -0.998, 0.466, -1.065] 63.514
[-0.999, 0.5, -1.25, -0.999, 0.494, -1.094] 62.857
[-0.999, 0.5, -1.25, -0.999, 0.523, -1.123] 64.169
[-1.0, 0.5, -1.25, -1.0, 0.552, -1.152] 78.948
[-1.0, 0.5, -1.25, -1.0, 0.581, -1.18] 63.55
[-1.0, 0.5, -1.25, -1.0, 0.61, -1.209] 63.41
[-1.0, 0.5, -1.25, -1.0, 0.638, -1.238] 64.057
[-1.0, 0.5, -1.25, -1.0, 0.667, -1.267] 79.978
[-1.0, 0.5, -1.25, -1.0, 0.696, -1.296] 78.872
[-1.0, 0.5, -1.25, -1.0, 0.723, -1.324] 47.907
[-1.0, 0.5, -1.25, -1.0, 0.738, -1.353] 63.75
[-1.0, 0.5, -1.25, -1.0, 0.744, -1.382] 78.757
[-1.0, 0.5, -1.25, -1.0, 0.747, -1.411] 63.333
[-1.0, 0.5, -1.25, -1.0, 0.749, -1.44] 63.306
[-1.0, 0.5, -1.25, -1.0, 0.749, -1.468] 63.962
[-1.0, 0.5, -1.25, -1.0, 0.75, -1.497] 80.109
[-1.0, 0.5, -1.25, -1.0, 0.75, -1.526] 62.801
[-1.0, 0.5, -1.25, -1.0, 0.75, -1.555] 63.392
[-1.0, 0.5, -1.25, -1.0, 0.75, -1.584] 63.844
[-1.0, 0.5, -1.25, -1.0, 0.75, -1.612] 62.969
[-1.0, 0.5, -1.25, -1.0, 0.75, -1.641] 95.743
[-1.0, 0.5, -1.25, -1.0, 0.75, -1.67] 63.865
[-1.0, 0.5, -1.25, -1.0, 0.75, -1.699] 48.368
[-1.0, 0.5, -1.25, -1.0, 0.75, -1.728] 63.717
[-1.0, 0.5, -1.25, -1.0, 0.75, -1.756] 79.566
[-1.0, 0.5, -1.25, -1.0, 0.75, -1.785] 64.281
[-1.0, 0.5, -1.25, -1.0, 0.75, -1.814] 63.72
[-1.0, 0.5, -1.25, -1.0, 0.75, -1.843] 64.064
[-1.0, 0.5, -1.25, -1.0, 0.75, -1.872] 80.571
[-1.0, 0.5, -1.25, -1.0, 0.75, -1.9] 63.903
[-1.0, 0.5, -1.25, -1.0, 0.75, -1.929] 62.678
[-1.0, 0.5, -1.25, -1.0, 0.75, -1.958] 64.017
[-1.0, 0.5, -1.25, -1.0, 0.75, -1.987] 62.938
[-1.0, 0.5, -1.25, -1.0, 0.75, -2.016] 94.876
[-1.0, 0.5, -1.25, -1.0, 0.75, -2.044] 63.196
[-1.0, 0.5, -1.25, -1.0, 0.75, -2.073] 48.166
[-1.0, 0.5, -1.25, -1.0, 0.75, -2.102] 79.657
[-1.0, 0.5, -1.25, -1.0, 0.75, -2.131] 79.476
[-1.0, 0.5, -1.25, -1.0, 0.75, -2.16] 79.009
[-1.0, 0.5, -1.25, -1.0, 0.75, -2.188] 63.824
[-1.0, 0.5, -1.25, -1.0, 0.75, -2.217] 64.328
[-1.0, 0.5, -1.25, -1.0, 0.75, -2.246] 63.192
[-1.0, 0.5, -1.25, -1.0, 0.75, -2.275] 79.842
[-1.0, 0.5, -1.25, -1.0, 0.75, -2.304] 63.801
[-1.0, 0.5, -1.25, -1.0, 0.75, -2.332] 63.934
[-1.0, 0.5, -1.25, -1.0, 0.75, -2.361] 63.365
[-1.0, 0.5, -1.25, -1.0, 0.75, -2.382] 79.222
[-1.0, 0.5, -1.25, -1.0, 0.75, -2.392] 64.22
[-0.971, 0.471, -1.221, -0.971, 0.721, -2.363] 63.862
[-0.942, 0.442, -1.192, -0.942, 0.692, -2.334] 64.096
[-0.914, 0.414, -1.164, -0.914, 0.664, -2.305] 64.617
[-0.885, 0.385, -1.135, -0.885, 0.635, -2.277] 95.354
[-0.856, 0.356, -1.106, -0.856, 0.606, -2.248] 64.677
[-0.827, 0.327, -1.077, -0.827, 0.577, -2.219] 63.228
[-0.798, 0.298, -1.048, -0.798, 0.548, -2.19] 64.11
[-0.77, 0.27, -1.02, -0.77, 0.52, -2.161] 80.086
[-0.741, 0.241, -0.991, -0.741, 0.491, -2.133] 64.205
[-0.712, 0.212, -0.962, -0.712, 0.462, -2.104] 63.736
[-0.683, 0.183, -0.933, -0.683, 0.433, -2.075] 63.988
[-0.654, 0.154, -0.904, -0.654, 0.404, -2.046] 63.715
[-0.626, 0.126, -0.876, -0.626, 0.376, -2.018] 94.709
[-0.597, 0.097, -0.847, -0.597, 0.347, -1.989] 63.888
[-0.568, 0.068, -0.818, -0.568, 0.318, -1.96] 63.75
[-0.539, 0.039, -0.789, -0.539, 0.289, -1.931] 64.172
[-0.51, 0.018, -0.76, -0.51, 0.261, -1.902] 80.326
[-0.482, 0.008, -0.732, -0.482, 0.232, -1.874] 63.29
[-0.453, 0.004, -0.703, -0.453, 0.203, -1.845] 64.7
[-0.424, 0.002, -0.674, -0.424, 0.174, -1.816] 62.829
[-0.395, 0.001, -0.645, -0.395, 0.145, -1.787] 63.717
[-0.366, 0.0, -0.616, -0.366, 0.117, -1.758] 94.962
[-0.338, 0.0, -0.588, -0.338, 0.088, -1.73] 63.816
[-0.309, 0.0, -0.559, -0.309, 0.059, -1.701] 64.347
[-0.28, 0.0, -0.53, -0.28, 0.03, -1.672] 64.322
[-0.251, 0.0, -0.501, -0.251, 0.014, -1.643] 79.483
[-0.222, -0.0, -0.472, -0.222, 0.006, -1.614] 62.986
[-0.194, -0.0, -0.444, -0.194, 0.003, -1.586] 63.066
[-0.165, -0.0, -0.415, -0.165, 0.001, -1.557] 64.148
[-0.136, -0.0, -0.386, -0.136, 0.001, -1.528] 79.573
[-0.107, -0.0, -0.357, -0.107, 0.0, -1.499] 64.421
[-0.078, 0.0, -0.328, -0.078, 0.0, -1.47] 63.941
[-0.05, -0.0, -0.3, -0.05, 0.0, -1.442] 77.743
[-0.024, -0.0, -0.271, -0.024, -0.0, -1.413] 64.638
[-0.011, -0.0, -0.242, -0.011, -0.0, -1.384] 63.472
[-0.005, -0.0, -0.213, -0.005, -0.0, -1.355] 64.168
[-0.002, -0.0, -0.184, -0.002, 0.0, -1.326] 64.051
[-0.001, -0.0, -0.156, -0.001, -0.0, -1.298] 79.618
[-0.001, -0.0, -0.127, -0.001, 0.0, -1.269] 64.55
[-0.0, -0.0, -0.098, -0.0, 0.0, -1.24] 63.794
[-0.0, -0.0, -0.069, -0.0, -0.0, -1.211] 63.108
[-0.0, -0.0, -0.04, -0.0, -0.0, -1.182] 63.162
[-0.0, -0.0, -0.019, -0.0, 0.0, -1.154] 79.946
[-0.0, -0.0, -0.009, -0.0, -0.0, -1.125] 63.908
[-0.0, -0.0, -0.004, 0.0, -0.0, -1.096] 47.829
[-0.0, -0.0, -0.002, -0.0, 0.0, -1.067] 64.343
[-0.0, -0.0, -0.001, -0.0, -0.0, -1.038] 78.854
[-0.0, -0.0, -0.0, 0.0, 0.0, -1.01] 64.198
[-0.0, -0.0, -0.0, 0.0, -0.0, -0.981] 63.75
[-0.0, -0.0, -0.0, -0.0, -0.0, -0.952] 80.029
[-0.0, -0.0, -0.0, 0.0, -0.0, -0.923] 63.981
[-0.0, -0.0, -0.0, 0.0, -0.0, -0.894] 64.757
[-0.0, -0.0, -0.0, 0.0, 0.0, -0.866] 63.204
[-0.0, -0.0, -0.0, 0.0, -0.0, -0.837] 63.788
[-0.0, -0.0, -0.0, 0.0, 0.0, -0.808] 78.936
[-0.0, -0.0, -0.0, 0.0, -0.0, -0.779] 79.368
[-0.0, -0.0, 0.0, 0.0, -0.0, -0.75] 64.682
[-0.0, -0.0, 0.0, 0.0, -0.0, -0.722] 62.574
[-0.0, -0.0, 0.0, 0.0, -0.0, -0.693] 79.73
[-0.0, -0.0, 0.0, 0.0, -0.0, -0.664] 63.671
[-0.0, -0.0, 0.0, 0.0, -0.0, -0.635] 64.408
[-0.0, -0.0, 0.0, 0.0, -0.0, -0.606] 62.78
[-0.0, -0.0, 0.0, 0.0, -0.0, -0.578] 63.319
[-0.0, -0.0, 0.0, 0.0, -0.0, -0.549] 79.535
[-0.0, -0.0, 0.0, 0.0, -0.0, -0.52] 64.194
[-0.0, -0.0, 0.0, 0.0, -0.0, -0.491] 63.937
[-0.0, -0.0, 0.0, 0.0, -0.0, -0.462] 63.333
[-0.0, -0.0, 0.0, 0.0, -0.0, -0.434] 78.485
[-0.0, -0.0, 0.0, 0.0, -0.0, -0.405] 64.114
[-0.0, -0.0, 0.0, 0.0, -0.0, -0.376] 47.908
[-0.0, -0.0, 0.0, 0.0, -0.0, -0.347] 64.661
[-0.0, -0.0, 0.0, 0.0, -0.0, -0.318] 78.523
[-0.0, -0.0, 0.0, 0.0, -0.0, -0.29] 63.629
[-0.0, -0.0, 0.0, 0.0, -0.0, -0.261] 63.543
[-0.0, -0.0, 0.0, 0.0, -0.0, -0.232] 63.442
[-0.0, -0.0, 0.0, 0.0, -0.0, -0.203] 80.313
[-0.0, -0.0, 0.0, 0.0, -0.0, -0.174] 63.799
[-0.0, -0.0, 0.0, 0.0, -0.0, -0.146] 64.169
[-0.0, -0.0, 0.0, -0.0, -0.0, -0.117] 63.61
[-0.0, -0.0, 0.0, -0.0, -0.0, -0.088] 79.683
[-0.0, -0.0, 0.0, -0.0, -0.0, -0.059] 64.13
[-0.0, -0.0, 0.0, -0.0, -0.0, -0.031] 63.401
[-0.0, -0.0, 0.0, -0.0, -0.0, -0.014] 63.954
[-0.0, -0.0, 0.0, -0.0, -0.0, -0.007] 78.831
