[-0.0, -0.0, 0.0, -0.0, -0.0, -0.003] 62.858
[0.029, 0.029, -0.029, -0.027, -0.029, -0.032] 63.754
[0.058, 0.058, -0.055, -0.042, -0.058, -0.061] 63.497
[0.086, 0.086, -0.068, -0.048, -0.086, -0.089] 78.787
[0.115, 0.115, -0.074, -0.051, -0.115, -0.118] 63.338
[0.144, 0.144, -0.077, -0.053, -0.144, -0.147] 64.179
[0.173, 0.173, -0.078, -0.053, -0.173, -0.176] 63.954
[0.202, 0.202, -0.078, -0.054, -0.202, -0.205] 81.485
[0.23, 0.23, -0.079, -0.054, -0.23, -0.233] 78.57
[0.259, 0.259, -0.079, -0.054, -0.259, -0.262] 63.767
[0.288, 0.288, -0.079, -0.054, -0.288, -0.291] 64.465
[0.317, 0.317, -0.079, -0.054, -0.317, -0.32] 79.864
[0.346, 0.346, -0.079, -0.054, -0.346, -0.349] 63.794
[0.374, 0.374, -0.079, -0.054, -0.374, -0.377] 64.078
[0.403, 0.403, -0.079, -0.054, -0.403, -0.406] 62.169
[0.432, 0.432, -0.079, -0.054, -0.432, -0.435] 64.253
[0.461, 0.461, -0.079, -0.054, -0.461, -0.464] 79.551
[0.49, 0.49, -0.079, -0.054, -0.49, -0.493] 79.307
[0.518, 0.518, -0.079, -0.054, -0.518, -0.521] 63.906
[0.547, 0.547, -0.079, -0.054, -0.547, -0.55] 63.143
[0.576, 0.571, -0.079, -0.054, -0.576, -0.579] 63.615
[0.605, 0.582, -0.079, -0.054, -0.605, -0.608] 80.477
[0.634, 0.588, -0.079, -0.054, -0.634, -0.637] 63.925
[0.662, 0.59, -0.079, -0.054, -0.662, -0.665] 63.681
[0.691, 0.591, -0.079, -0.054, -0.691, -0.694] 63.968
[0.72, 0.592, -0.079, -0.054, -0.72, -0.723] 79.902
[0.749, 0.592, -0.079, -0.054, -0.736, -0.752] 63.865
[0.778, 0.592, -0.079, -0.054, -0.744, -0.781] 64.517
[0.806, 0.592, -0.079, -0.054, -0.747, -0.809] 79.52
[0.835, 0.592, -0.079, -0.054, -0.749, -0.838] 64.271
[0.864, 0.592, -0.079, -0.054, -0.749, -0.867] 63.084
[0.893, 0.592, -0.079, -0.054, -0.75, -0.896] 63.267
[0.922, 0.592, -0.079, -0.054, -0.75, -0.925] 63.55
[0.95, 0.592, -0.079, -0.054, -0.75, -0.953] 79.861
[0.979, 0.592, -0.079, -0.054, -0.75, -0.982] 63.339
[1.008, 0.592, -0.079, -0.054, -0.75, -1.011] 64.131
[1.037, 0.592, -0.079, -0.054, -0.75, -1.04] 63.761
[1.066, 0.592, -0.079, -0.054, -0.75, -1.069] 79.051
[1.094, 0.592, -0.079, -0.054, -0.75, -1.097] 63.396
[1.123, 0.592, -0.079, -0.054, -0.75, -1.126] 63.954
[1.152, 0.592, -0.079, -0.054, -0.75, -1.155] 63.766
[1.181, 0.592, -0.079, -0.054, -0.75, -1.184] 79.254
[1.21, 0.592, -0.079, -0.054, -0.75, -1.213] 64.406
[1.233, 0.592, -0.079, -0.054, -0.75, -1.241] 63.534
[1.244, 0.592, -0.079, -0.054, -0.75, -1.27] 63.574
[1.249, 0.592, -0.079, -0.054, -0.75, -1.299] 79.49
[1.251, 0.592, -0.079, -0.054, -0.75, -1.328] 64.328
[1.252, 0.592, -0.079, -0.054, -0.75, -1.357] 64.276
[1.253, 0.592, -0.079, -0.054, -0.75, -1.385] 63.243
[1.253, 0.592, -0.079, -0.054, -0.75, -1.414] 80.101
[1.253, 0.592, -0.079, -0.054, -0.75, -1.443] 63.909
[1.253, 0.592, -0.079, -0.054, -0.75, -1.471] 63.811
[1.253, 0.592, -0.079, -0.054, -0.75, -1.487] 64.103
[1.253, 0.592, -0.079, -0.054, -0.75, -1.494] 64.894
[1.224, 0.563, -0.05, -0.083, -0.779, -1.465] 78.646
[1.195, 0.534, -0.021, -0.112, -0.808, -1.436] 79.005
[1.167, 0.506, 0.007, -0.14, -0.836, -1.407] 48.102
[1.138, 0.477, 0.036, -0.169, -0.865, -1.379] 79.94
[1.109, 0.448, 0.065, -0.198, -0.894, -1.35] 79.327
[1.08, 0.419, 0.094, -0.227, -0.923, -1.321] 79.366
[1.051, 0.39, 0.123, -0.256, -0.952, -1.292] 64.194
[1.023, 0.362, 0.151, -0.284, -0.98, -1.263] 63.466
[0.994, 0.333, 0.18, -0.313, -1.009, -1.235] 63.539
[0.965, 0.304, 0.209, -0.342, -1.038, -1.206] 63.237
[0.936, 0.275, 0.238, -0.371, -1.067, -1.177] 79.167
[0.907, 0.246, 0.267, -0.4, -1.095, -1.148] 63.586
[0.879, 0.218, 0.295, -0.428, -1.124, -1.119] 64.193
[0.85, 0.189, 0.324, -0.457, -1.153, -1.091] 64.045
[0.821, 0.16, 0.353, -0.486, -1.182, -1.062] 64.148
[0.792, 0.131, 0.382, -0.515, -1.211, -1.033] 80.083
[0.763, 0.102, 0.411, -0.544, -1.239, -1.004] 79.873
[0.735, 0.074, 0.439, -0.572, -1.268, -0.975] 63.854
[0.706, 0.045, 0.468, -0.601, -1.297, -0.947] 64.623
[0.677, 0.016, 0.497, -0.63, -1.326, -0.918] 63.481
[0.648, -0.013, 0.526, -0.659, -1.355, -0.889] 64.008
[0.619, -0.042, 0.555, -0.688, -1.383, -0.86] 95.22
[0.591, -0.07, 0.583, -0.716, -1.412, -0.831] 64.914
[0.562, -0.099, 0.612, -0.745, -1.441, -0.803] 63.216
[0.533, -0.128, 0.641, -0.774, -1.469, -0.774] 63.745
[0.504, -0.157, 0.658, -0.803, -1.485, -0.745] 79.278
[0.475, -0.186, 0.666, -0.832, -1.493, -0.716] 63.592
[0.447, -0.214, 0.67, -0.86, -1.496, -0.687] 63.626
[0.418, -0.243, 0.672, -0.889, -1.498, -0.659] 63.819
[0.389, -0.272, 0.672, -0.918, -1.498, -0.63] 65.216
[0.36, -0.301, 0.673, -0.947, -1.499, -0.601] 94.71
[0.331, -0.33, 0.673, -0.976, -1.499, -0.572] 63.608
[0.303, -0.358, 0.673, -1.004, -1.499, -0.543] 64.246
[0.274, -0.387, 0.673, -1.033, -1.499, -0.515] 62.685
[0.245, -0.416, 0.673, -1.062, -1.499, -0.486] 80.373
[0.216, -0.445, 0.673, -1.091, -1.499, -0.457] 63.99
[0.187, -0.474, 0.673, -1.12, -1.499, -0.428] 63.968
[0.159, -0.502, 0.673, -1.148, -1.499, -0.399] 63.819
[0.13, -0.531, 0.673, -1.177, -1.499, -0.371] 64.001
[0.112, -0.56, 0.673, -1.206, -1.499, -0.342] 96.142
[0.103, -0.577, 0.673, -1.235, -1.499, -0.313] 63.453
[0.099, -0.585, 0.673, -1.264, -1.499, -0.284] 61.746
[0.098, -0.589, 0.673, -1.292, -1.499, -0.255] 64.545
[0.097, -0.591, 0.673, -1.321, -1.499, -0.227] 78.472
[0.096, -0.591, 0.673, -1.35, -1.499, -0.198] 63.503
[0.096, -0.592, 0.673, -1.376, -1.499, -0.169] 63.39
[0.096, -0.592, 0.673, -1.389, -1.499, -0.14] 64.733
[0.096, -0.592, 0.673, -1.395, -1.499, -0.111] 79.908
[0.096, -0.592, 0.673, -1.398, -1.499, -0.083] 63.713
[0.096, -0.592, 0.673, -1.399, -1.499, -0.054] 65.406
[0.096, -0.592, 0.673, -1.399, -1.499, -0.025] 63.469
[0.096, -0.592, 0.673, -1.4, -1.499, 0.004] 63.369
[0.096, -0.592, 0.673, -1.4, -1.499, 0.033] 79.942
[0.096, -0.592, 0.673, -1.4, -1.499, 0.061] 80.024
[0.096, -0.592, 0.673, -1.4, -1.499, 0.09] 64.395
[0.096, -0.592, 0.673, -1.4, -1.499, 0.119] 62.52
[0.096, -0.592, 0.673, -1.4, -1.499, 0.148] 63.054
[0.096, -0.592, 0.673, -1.4, -1.499, 0.177] 80.279
[0.096, -0.592, 0.673, -1.4, -1.499, 0.205] 63.834
[0.096, -0.592, 0.673, -1.4, -1.499, 0.234] 47.855
[0.096, -0.592, 0.673, -1.4, -1.499, 0.263] 63.415
[0.096, -0.592, 0.673, -1.4, -1.499, 0.292] 95.179
[0.096, -0.592, 0.673, -1.4, -1.499, 0.321] 63.645
[0.096, -0.592, 0.673, -1.4, -1.499, 0.349] 63.328
[0.096, -0.592, 0.673, -1.4, -1.499, 0.378] 64.025
[0.096, -0.592, 0.673, -1.4, -1.499, 0.407] 63.819
[0.096, -0.592, 0.673, -1.4, -1.499, 0.436] 79.234
[0.096, -0.592, 0.673, -1.4, -1.499, 0.465] 80.686
[0.096, -0.592, 0.673, -1.4, -1.499, 0.493] 64.252
[0.096, -0.592, 0.673, -1.4, -1.499, 0.522] 64.77
[0.096, -0.592, 0.673, -1.4, -1.499, 0.551] 62.446
[0.096, -0.592, 0.673, -1.4, -1.499, 0.58] 79.078
[0.096, -0.592, 0.673, -1.4, -1.499, 0.609] 64.212
[0.096, -0.592, 0.673, -1.4, -1.499, 0.637] 64.583
[0.096, -0.592, 0.673, -1.4, -1.499, 0.666] 64.35
[0.096, -0.592, 0.673, -1.4, -1.499, 0.695] 79.259
[0.096, -0.592, 0.673, -1.4, -1.499, 0.724] 79.635
[0.096, -0.592, 0.673, -1.4, -1.499, 0.753] 63.641
[0.096, -0.592, 0.673, -1.4, -1.499, 0.781] 63.839
[0.096, -0.592, 0.673, -1.4, -1.499, 0.81] 64.099
[0.096, -0.592, 0.673, -1.4, -1.499, 0.839] 79.58
[0.096, -0.592, 0.673, -1.4, -1.499, 0.868] 48.454
[0.096, -0.592, 0.673, -1.4, -1.499, 0.897] 62.609
[0.096, -0.592, 0.673, -1.4, -1.499, 0.925] 79.833
[0.096, -0.592, 0.673, -1.4, -1.499, 0.954] 80.056
[0.096, -0.592, 0.673, -1.4, -1.499, 0.983] 64.228
[0.096, -0.592, 0.673, -1.4, -1.499, 1.012] 63.65
[0.096, -0.592, 0.673, -1.4, -1.499, 1.041] 64.886
[0.096, -0.592, 0.673, -1.4, -1.499, 1.069] 79.341
[0.096, -0.592, 0.673, -1.4, -1.499, 1.098] 63.978
[0.096, -0.592, 0.673, -1.4, -1.499, 1.127] 63.911
[0.096, -0.592, 0.673, -1.4, -1.499, 1.156] 64.16
[0.096, -0.592, 0.673, -1.4, -1.499, 1.185] 80.017
[0.096, -0.592, 0.673, -1.4, -1.499, 1.213] 80.032
[0.096, -0.592, 0.673, -1.4, -1.499, 1.242] 63.108
[0.096, -0.592, 0.673, -1.4, -1.499, 1.271] 63.296
[0.096, -0.592, 0.673, -1.4, -1.499, 1.3] 64.127
[0.096, -0.592, 0.673, -1.4, -1.499, 1.329] 79.394
[0.096, -0.592, 0.673, -1.4, -1.499, 1.357] 62.766
[0.096, -0.592, 0.673, -1.4, -1.499, 1.386] 63.601
[0.096, -0.592, 0.673, -1.4, -1.499, 1.415] 62.843
[0.096, -0.592, 0.673, -1.4, -1.499, 1.444] 79.613
[0.096, -0.592, 0.673, -1.4, -1.499, 1.473] 62.957
[0.096, -0.592, 0.673, -1.4, -1.499, 1.501] 64.155
[0.096, -0.592, 0.673, -1.4, -1.499, 1.53] 64.164
[0.096, -0.592, 0.673, -1.4, -1.499, 1.559] 64.09
[0.096, -0.592, 0.673, -1.4, -1.499, 1.588] 79.491
[0.096, -0.592, 0.673, -1.4, -1.499, 1.617] 80.493
[0.096, -0.592, 0.673, -1.4, -1.499, 1.645] 63.63
[0.096, -0.592, 0.673, -1.4, -1.499, 1.674] 63.883
[0.096, -0.592, 0.673, -1.4, -1.499, 1.703] 64.268
[0.096, -0.592, 0.673, -1.4, -1.499, 1.732] 79.297
[0.096, -0.592, 0.673, -1.4, -1.499, 1.761] 63.086
[0.096, -0.592, 0.673, -1.4, -1.499, 1.789] 63.401
[0.096, -0.592, 0.673, -1.4, -1.499, 1.818] 63.644
[0.096, -0.592, 0.673, -1.4, -1.499, 1.847] 94.929
[0.096, -0.592, 0.673, -1.4, -1.499, 1.876] 63.163
[0.096, -0.592, 0.673, -1.4, -1.499, 1.905] 63.691
[0.096, -0.592, 0.673, -1.4, -1.499, 1.933] 62.87
[0.096, -0.592, 0.673, -1.4, -1.499, 1.962] 63.688
[0.096, -0.592, 0.673, -1.4, -1.499, 1.982] 79.892
[0.096, -0.592, 0.673, -1.4, -1.499, 1.992] 63.852
[0.125, -0.563, 0.644, -1.429, -1.47, 1.963] 63.064
[0.154, -0.534, 0.615, -1.458, -1.441, 1.934] 79.55
[0.182, -0.506, 0.587, -1.486, -1.413, 1.906] 63.673
[0.211, -0.477, 0.558, -1.515, -1.384, 1.877] 64.136
[0.24, -0.448, 0.53, -1.539, -1.355, 1.848] 64.215
[0.269, -0.419, 0.514, -1.55, -1.326, 1.819] 63.776
[0.298, -0.39, 0.506, -1.556, -1.297, 1.79] 80.027
[0.326, -0.362, 0.503, -1.558, -1.269, 1.762] 64.239
[0.355, -0.333, 0.501, -1.559, -1.24, 1.733] 63.123
[0.384, -0.304, 0.501, -1.56, -1.211, 1.704] 64.171
[0.413, -0.275, 0.5, -1.56, -1.182, 1.675] 94.53
[0.442, -0.246, 0.5, -1.56, -1.153, 1.646] 63.663
[0.47, -0.218, 0.5, -1.56, -1.125, 1.618] 64.276
[0.499, -0.189, 0.5, -1.56, -1.096, 1.589] 62.805
[0.528, -0.16, 0.5, -1.56, -1.067, 1.56] 63.335
[0.557, -0.131, 0.5, -1.56, -1.038, 1.531] 79.883
[0.586, -0.102, 0.5, -1.56, -1.009, 1.502] 79.286
[0.614, -0.074, 0.5, -1.56, -0.981, 1.474] 62.665
[0.643, -0.045, 0.5, -1.56, -0.952, 1.445] 63.782
[0.672, -0.016, 0.5, -1.56, -0.923, 1.416] 63.803
[0.701, 0.013, 0.5, -1.56, -0.894, 1.387] 79.779
[0.73, 0.042, 0.5, -1.56, -0.865, 1.358] 64.745
[0.758, 0.07, 0.5, -1.56, -0.837, 1.33] 63.136
[0.787, 0.099, 0.5, -1.56, -0.808, 1.301] 64.328
[0.816, 0.128, 0.5, -1.56, -0.779, 1.272] 78.732
[0.845, 0.157, 0.5, -1.56, -0.75, 1.243] 79.813
[0.872, 0.186, 0.5, -1.56, -0.721, 1.214] 63.923
[0.887, 0.214, 0.5, -1.56, -0.693, 1.186] 62.44
[0.894, 0.243, 0.5, -1.56, -0.664, 1.157] 63.548
[0.897, 0.272, 0.5, -1.56, -0.635, 1.128] 80.513
[0.899, 0.301, 0.5, -1.56, -0.606, 1.099] 63.54
[0.899, 0.33, 0.5, -1.56, -0.577, 1.07] 63.135
[0.9, 0.358, 0.5, -1.56, -0.549, 1.042] 79.767
[0.9, 0.387, 0.5, -1.56, -0.52, 1.013] 63.484
[0.9, 0.416, 0.5, -1.56, -0.491, 0.984] 64.62
[0.9, 0.445, 0.5, -1.56, -0.462, 0.955] 63.182
[0.9, 0.472, 0.5, -1.56, -0.433, 0.926] 79.419
[0.9, 0.487, 0.5, -1.56, -0.405, 0.898] 63.781
[0.9, 0.494, 0.5, -1.56, -0.376, 0.869] 63.834
[0.9, 0.497, 0.5, -1.56, -0.347, 0.84] 63.797
[0.9, 0.499, 0.5, -1.56, -0.318, 0.811] 65.209
[0.9, 0.499, 0.5, -1.56, -0.289, 0.782] 93.577
[0.9, 0.5, 0.5, -1.56, -0.261, 0.754] 65.099
[0.9, 0.5, 0.5, -1.56, -0.232, 0.725] 63.624
[0.9, 0.5, 0.5, -1.56, -0.203, 0.696] 63.366
[0.9, 0.5, 0.5, -1.56, -0.174, 0.667] 64.458
[0.9, 0.5, 0.5, -1.56, -0.145, 0.638] 79.62
[0.9, 0.5, 0.5, -1.56, -0.117, 0.61] 62.284
[0.9, 0.5, 0.5, -1.56, -0.088, 0.581] 63.729
[0.9, 0.5, 0.5, -1.56, -0.059, 0.552] 64.399
[0.9, 0.5, 0.5, -1.56, -0.03, 0.523] 93.915
[0.9, 0.5, 0.5, -1.56, -0.002, 0.494] 63.91
[0.9, 0.5, 0.5, -1.56, 0.027, 0.466] 64.06
[0.9, 0.5, 0.5, -1.56, 0.056, 0.437] 64.171
[0.9, 0.5, 0.5, -1.56, 0.085, 0.408] 63.911
[0.9, 0.5, 0.5, -1.56, 0.114, 0.379] 79.741
[0.9, 0.5, 0.5, -1.56, 0.142, 0.35] 80.015
[0.9, 0.5, 0.5, -1.56, 0.171, 0.322] 48.202
[0.9, 0.5, 0.5, -1.56, 0.2, 0.293] 64.313
[0.9, 0.5, 0.5, -1.56, 0.229, 0.264] 79.868
[0.9, 0.5, 0.5, -1.56, 0.258, 0.235] 63.424
[0.9, 0.5, 0.5, -1.56, 0.286, 0.206] 64.693
[0.9, 0.5, 0.5, -1.56, 0.315, 0.178] 63.662
[0.9, 0.5, 0.5, -1.56, 0.344, 0.149] 79.431
[0.9, 0.5, 0.5, -1.56, 0.373, 0.12] 64.671
[0.9, 0.5, 0.5, -1.56, 0.402, 0.091] 63.609
[0.9, 0.5, 0.5, -1.56, 0.43, 0.062] 63.263
[0.9, 0.5, 0.5, -1.56, 0.459, 0.034] 80.137
[0.9, 0.5, 0.5, -1.56, 0.488, 0.016] 62.738
[0.9, 0.5, 0.5, -1.56, 0.517, 0.007] 62.892
[0.9, 0.5, 0.5, -1.56, 0.546, 0.003] 64.174
[0.9, 0.5, 0.5, -1.56, 0.574, 0.002] 79.988
[0.9, 0.5, 0.5, -1.56, 0.603, 0.001] 64.902
[0.9, 0.5, 0.5, -1.56, 0.632, 0.0] 63.469
[0.9, 0.5, 0.5, -1.56, 0.661, 0.0] 78.776
[0.9, 0.5, 0.5, -1.56, 0.682, 0.0] 63.346
[0.9, 0.5, 0.5, -1.56, 0.692, 0.0] 64.812
[0.871, 0.5, 0.471, -1.531, 0.663, 0.0] 63.151
[0.842, 0.5, 0.442, -1.502, 0.634, -0.0] 63.909
[0.814, 0.5, 0.414, -1.474, 0.605, 0.0] 79.838
[0.785, 0.5, 0.385, -1.445, 0.576, -0.0] 78.837
[0.756, 0.5, 0.356, -1.416, 0.548, 0.0] 63.99
[0.727, 0.5, 0.327, -1.387, 0.519, -0.0] 63.36
[0.698, 0.5, 0.298, -1.358, 0.49, 0.0] 64.352
[0.67, 0.5, 0.27, -1.33, 0.461, -0.0] 95.731
[0.641, 0.5, 0.241, -1.301, 0.432, 0.0] 63.485
[0.612, 0.5, 0.212, -1.272, 0.404, -0.0] 63.21
[0.583, 0.5, 0.183, -1.243, 0.375, 0.0] 63.457
[0.554, 0.5, 0.154, -1.214, 0.346, -0.0] 64.117
[0.526, 0.5, 0.126, -1.186, 0.317, 0.0] 79.983
[0.497, 0.5, 0.097, -1.157, 0.288, -0.0] 64.536
[0.468, 0.5, 0.068, -1.128, 0.26, -0.0] 47.926
[0.439, 0.5, 0.039, -1.099, 0.231, 0.0] 63.84
[0.41, 0.5, 0.01, -1.07, 0.202, -0.0] 80.017
[0.382, 0.5, -0.018, -1.042, 0.173, -0.0] 63.754
[0.353, 0.5, -0.047, -1.013, 0.144, -0.0] 63.63
[0.324, 0.5, -0.076, -0.984, 0.116, -0.0] 63.666
[0.295, 0.5, -0.105, -0.955, 0.087, -0.0] 94.875
[0.266, 0.5, -0.134, -0.926, 0.058, 0.0] 63.198
[0.238, 0.5, -0.162, -0.898, 0.029, 0.0] 63.102
[0.209, 0.5, -0.191, -0.869, 0.001, 0.0] 63.869
[0.18, 0.5, -0.22, -0.84, -0.028, -0.0] 63.424
[0.151, 0.5, -0.249, -0.811, -0.057, -0.0] 79.566
[0.122, 0.5, -0.278, -0.782, -0.086, -0.0] 52.15
[0.094, 0.5, -0.306, -0.754, -0.115, -0.0] 75.038
[0.065, 0.5, -0.335, -0.725, -0.144, 0.0] 79.973
[0.036, 0.5, -0.364, -0.696, -0.172, 0.0] 63.597
[0.017, 0.5, -0.393, -0.667, -0.201, -0.0] 64.416
[0.008, 0.5, -0.422, -0.638, -0.23, 0.0] 64.152
[0.004, 0.5, -0.45, -0.61, -0.259, -0.0] 63.73
[0.002, 0.5, -0.479, -0.581, -0.288, -0.0] 79.615
[0.001, 0.5, -0.508, -0.552, -0.316, -0.0] 80.529
[0.0, 0.5, -0.537, -0.523, -0.345, 0.0] 63.553
[0.0, 0.5, -0.566, -0.494, -0.374, 0.0] 63.6
[0.0, 0.5, -0.594, -0.466, -0.403, 0.0] 49.093
[0.0, 0.5, -0.623, -0.437, -0.432, 0.0] 94.676
[0.0, 0.5, -0.652, -0.408, -0.46, 0.0] 80.74
[0.0, 0.5, -0.681, -0.379, -0.489, 0.0] 63.55
[0.0, 0.5, -0.71, -0.35, -0.518, 0.0] 63.286
[0.0, 0.5, -0.738, -0.322, -0.547, 0.0] 63.481
[0.0, 0.5, -0.767, -0.293, -0.574, 0.0] 79.623
[-0.0, 0.5, -0.796, -0.264, -0.588, 0.0] 63.225
[-0.0, 0.5, -0.825, -0.235, -0.594, 0.0] 63.637
[-0.0, 0.5, -0.854, -0.206, -0.597, 0.0] 63.203
[-0.0, 0.5, -0.882, -0.178, -0.599, 0.0] 79.242
[-0.0, 0.5, -0.911, -0.149, -0.599, 0.0] 62.783
[-0.0, 0.5, -0.94, -0.12, -0.6, -0.0] 63.897
[-0.0, 0.5, -0.969, -0.091, -0.6, -0.0] 64.399
[-0.0, 0.5, -0.998, -0.062, -0.6, -0.0] 79.949
[-0.0, 0.5, -1.026, -0.034, -0.6, -0.0] 78.085
[-0.0, 0.5, -1.055, -0.016, -0.6, 0.0] 63.599
[-0.0, 0.5, -1.084, -0.007, -0.6, 0.0] 63.901
[-0.0, 0.5, -1.113, -0.003, -0.6, 0.0] 63.491
[-0.0, 0.5, -1.142, -0.002, -0.6, 0.0] 63.795
[-0.0, 0.5, -1.17, -0.001, -0.6, 0.0] 94.617
[-0.0, 0.5, -1.199, -0.0, -0.6, 0.0] 64.53
[-0.0, 0.5, -1.225, -0.0, -0.6, 0.0] 64.229
[-0.0, 0.5, -1.239, -0.0, -0.6, -0.0] 62.828
[-0.0, 0.5, -1.245, -0.0, -0.6, -0.0] 80.403
[-0.029, 0.5, -1.248, -0.029, -0.571, -0.029] 63.697
[-0.058, 0.5, -1.249, -0.058, -0.542, -0.058] 63.21
[-0.086, 0.5, -1.249, -0.086, -0.514, -0.086] 78.873
[-0.115, 0.5, -1.25, -0.115, -0.485, -0.115] 66.439
[-0.144, 0.5, -1.25, -0.144, -0.456, -0.144] 61.575
[-0.173, 0.5, -1.25, -0.173, -0.427, -0.173] 63.802
[-0.202, 0.5, -1.25, -0.202, -0.398, -0.202] 64.74
[-0.23, 0.5, -1.25, -0.23, -0.37, -0.23] 79.838
[-0.259, 0.5, -1.25, -0.259, -0.341, -0.259] 63.544
[-0.288, 0.5, -1.25, -0.288, -0.312, -0.288] 64.387
[-0.317, 0.5, -1.25, -0.317, -0.283, -0.317] 64.131
[-0.346, 0.5, -1.25, -0.346, -0.254, -0.345] 80.301
[-0.374, 0.5, -1.25, -0.374, -0.226, -0.374] 63.938
[-0.403, 0.5, -1.25, -0.403, -0.197, -0.403] 63.655
[-0.432, 0.5, -1.25, -0.432, -0.168, -0.432] 63.666
[-0.461, 0.5, -1.25, -0.461, -0.139, -0.461] 80.568
[-0.49, 0.5, -1.25, -0.49, -0.11, -0.489] 63.57
[-0.518, 0.5, -1.25, -0.518, -0.082, -0.518] 62.725
[-0.547, 0.5, -1.25, -0.547, -0.053, -0.547] 63.692
[-0.576, 0.5, -1.25, -0.576, -0.024, -0.576] 79.562
[-0.605, 0.5, -1.25, -0.605, 0.005, -0.605] 63.615
[-0.634, 0.5, -1.25, -0.634, 0.034, -0.633] 63.087
[-0.662, 0.5, -1.25, -0.662, 0.062, -0.662] 64.319
[-0.691, 0.5, -1.25, -0.691, 0.091, -0.691] 79.392
[-0.72, 0.5, -1.25, -0.72, 0.12, -0.72] 64.048
[-0.749, 0.5, -1.25, -0.749, 0.149, -0.749] 63.425
[-0.778, 0.5, -1.25, -0.778, 0.178, -0.777] 64.215
[-0.806, 0.5, -1.25, -0.806, 0.206, -0.806] 64.621
[-0.835, 0.5, -1.25, -0.835, 0.235, -0.835] 79.583
[-0.864, 0.5, -1.25, -0.864, 0.264, -0.864] 63.682
[-0.893, 0.5, -1.25, -0.893, 0.293, -0.893] 63.971
[-0.922, 0.5, -1.25, -0.922, 0.322, -0.921] 63.902
[-0.95, 0.5, -1.25, -0.95, 0.35, -0.95] 78.806
[-0.976, 0.5, -1.25, -0.976, 0.379, -0.979] 63.502
[-0.989, 0.5, -1.25, -0.989, 0.408, -1.008] 63.972
[-0.995, 0.5, -1.25, -0.995, 0.437, -1.036] 78.443
[-0.998, 0.5, -1.25, -0.998, 0.466, -1.065] 63.89
[-0.999, 0.5, -1.25, -0.999, 0.494, -1.094] 63.729
[-0.999, 0.5, -1.25, -0.999, 0.523, -1.123] 63.888
[-1.0, 0.5, -1.25, -1.0, 0.552, -1.152] 64.043
[-1.0, 0.5, -1.25, -1.0, 0.581, -1.18] 79.689
[-1.0, 0.5, -1.25, -1.0, 0.61, -1.209] 63.47
[-1.0, 0.5, -1.25, -1.0, 0.638, -1.238] 63.88
[-1.0, 0.5, -1.25, -1.0, 0.667, -1.267] 79.301
[-1.0, 0.5, -1.25, -1.0, 0.696, -1.296] 63.523
[-1.0, 0.5, -1.25, -1.0, 0.723, -1.324] 64.092
[-1.0, 0.5, -1.25, -1.0, 0.738, -1.353] 64.492
[-1.0, 0.5, -1.25, -1.0, 0.744, -1.382] 63.783
[-1.0, 0.5, -1.25, -1.0, 0.747, -1.411] 63.875
[-1.0, 0.5, -1.25, -1.0, 0.749, -1.44] 81.914
[-1.0, 0.5, -1.25, -1.0, 0.749, -1.468] 62.455
[-1.0, 0.5, -1.25, -1.0, 0.75, -1.497] 63.846
[-1.0, 0.5, -1.25, -1.0, 0.75, -1.526] 64.055
[-1.0, 0.5, -1.25, -1.0, 0.75, -1.555] 79.638
[-1.0, 0.5, -1.25, -1.0, 0.75, -1.584] 63.76
[-1.0, 0.5, -1.25, -1.0, 0.75, -1.612] 64.582
[-1.0, 0.5, -1.25, -1.0, 0.75, -1.641] 63.975
[-1.0, 0.5, -1.25, -1.0, 0.75, -1.67] 79.797
[-1.0, 0.5, -1.25, -1.0, 0.75, -1.699] 79.705
[-1.0, 0.5, -1.25, -1.0, 0.75, -1.728] 64.68
[-1.0, 0.5, -1.25, -1.0, 0.75, -1.756] 63.812
[-1.0, 0.5, -1.25, -1.0, 0.75, -1.785] 63.648
[-1.0, 0.5, -1.25, -1.0, 0.75, -1.814] 80.183
[-1.0, 0.5, -1.25, -1.0, 0.75, -1.843] 63.112
[-1.0, 0.5, -1.25, -1.0, 0.75, -1.872] 63.991
[-1.0, 0.5, -1.25, -1.0, 0.75, -1.9] 78.865
[-1.0, 0.5, -1.25, -1.0, 0.75, -1.929] 63.832
[-1.0, 0.5, -1.25, -1.0, 0.75, -1.958] 62.981
[-1.0, 0.5, -1.25, -1.0, 0.75, -1.987] 63.169
[-1.0, 0.5, -1.25, -1.0, 0.75, -2.016] 63.722
[-1.0, 0.5, -1.25, -1.0, 0.75, -2.044] 66.105
[-1.0, 0.5, -1.25, -1.0, 0.75, -2.073] 77.972
[-1.0, 0.5, -1.25, -1.0, 0.75, -2.102] 94.828
[-1.0, 0.5, -1.25, -1.0, 0.75, -2.131] 63.497
[-1.0, 0.5, -1.25, -1.0, 0.75, -2.16] 63.849
[-1.0, 0.5, -1.25, -1.0, 0.75, -2.188] 64.558
[-1.0, 0.5, -1.25, -1.0, 0.75, -2.217] 62.838
[-1.0, 0.5, -1.25, -1.0, 0.75, -2.246] 79.939
[-1.0, 0.5, -1.25, -1.0, 0.75, -2.275] 79.609
[-1.0, 0.5, -1.25, -1.0, 0.75, -2.304] 63.878
[-1.0, 0.5, -1.25, -1.0, 0.75, -2.332] 64.153
[-1.0, 0.5, -1.25, -1.0, 0.75, -2.361] 47.26
[-1.0, 0.5, -1.25, -1.0, 0.75, -2.382] 95.65
[-1.0, 0.5, -1.25, -1.0, 0.75, -2.392] 96.287
[-0.971, 0.471, -1.221, -0.971, 0.721, -2.363] 64.732
[-0.942, 0.442, -1.192, -0.942, 0.692, -2.334] 62.686
[-0.914, 0.414, -1.164, -0.914, 0.664, -2.305] 64.718
[-0.885, 0.385, -1.135, -0.885, 0.635, -2.277] 63.759
[-0.856, 0.356, -1.106, -0.856, 0.606, -2.248] 80.434
[-0.827, 0.327, -1.077, -0.827, 0.577, -2.219] 64.94
[-0.798, 0.298, -1.048, -0.798, 0.548, -2.19] 62.399
[-0.77, 0.27, -1.02, -0.77, 0.52, -2.161] 64.294
[-0.741, 0.241, -0.991, -0.741, 0.491, -2.133] 95.65
[-0.712, 0.212, -0.962, -0.712, 0.462, -2.104] 62.597
[-0.683, 0.183, -0.933, -0.683, 0.433, -2.075] 64.383
[-0.654, 0.154, -0.904, -0.654, 0.404, -2.046] 63.155
[-0.626, 0.126, -0.876, -0.626, 0.376, -2.018] 64.246
[-0.597, 0.097, -0.847, -0.597, 0.347, -1.989] 95.655
[-0.568, 0.068, -0.818, -0.568, 0.318, -1.96] 64.012
[-0.539, 0.039, -0.789, -0.539, 0.289, -1.931] 63.465
[-0.51, 0.018, -0.76, -0.51, 0.261, -1.902] 63.883
[-0.482, 0.008, -0.732, -0.482, 0.232, -1.874] 62.995
[-0.453, 0.004, -0.703, -0.453, 0.203, -1.845] 64.29
[-0.424, 0.002, -0.674, -0.424, 0.174, -1.816] 79.504
[-0.395, 0.001, -0.645, -0.395, 0.145, -1.787] 96.163
[-0.366, 0.0, -0.616, -0.366, 0.117, -1.758] 63.687
[-0.338, 0.0, -0.588, -0.338, 0.088, -1.73] 64.659
[-0.309, 0.0, -0.559, -0.309, 0.059, -1.701] 63.993
[-0.28, 0.0, -0.53, -0.28, 0.03, -1.672] 63.387
[-0.251, 0.0, -0.501, -0.251, 0.014, -1.643] 79.162
[-0.222, -0.0, -0.472, -0.222, 0.006, -1.614] 78.902
[-0.194, -0.0, -0.444, -0.194, 0.003, -1.586] 63.341
[-0.165, -0.0, -0.415, -0.165, 0.001, -1.557] 64.346
[-0.136, -0.0, -0.386, -0.136, 0.001, -1.528] 63.766
[-0.107, -0.0, -0.357, -0.107, 0.0, -1.499] 80.175
[-0.078, 0.0, -0.328, -0.078, 0.0, -1.47] 96.135
[-0.05, -0.0, -0.3, -0.05, 0.0, -1.442] 64.25
[-0.024, -0.0, -0.271, -0.024, -0.0, -1.413] 62.447
[-0.011, -0.0, -0.242, -0.011, -0.0, -1.384] 64.909
[-0.005, -0.0, -0.213, -0.005, -0.0, -1.355] 62.334
[-0.002, -0.0, -0.184, -0.002, 0.0, -1.326] 96.043
[-0.001, -0.0, -0.156, -0.001, -0.0, -1.298] 64.617
[-0.001, -0.0, -0.127, -0.001, 0.0, -1.269] 63.438
[-0.0, -0.0, -0.098, -0.0, 0.0, -1.24] 64.401
[-0.0, -0.0, -0.069, -0.0, -0.0, -1.211] 48.189
[-0.0, -0.0, -0.04, -0.0, -0.0, -1.182] 79.546
[-0.0, -0.0, -0.019, -0.0, 0.0, -1.154] 79.755
[-0.0, -0.0, -0.009, -0.0, -0.0, -1.125] 96.313
[-0.0, -0.0, -0.004, 0.0, -0.0, -1.096] 62.279
[-0.0, -0.0, -0.002, -0.0, 0.0, -1.067] 64.23
[-0.0, -0.0, -0.001, -0.0, -0.0, -1.038] 63.626
[-0.0, -0.0, -0.0, 0.0, 0.0, -1.01] 64.03
[-0.0, -0.0, -0.0, 0.0, -0.0, -0.981] 79.66
[-0.0, -0.0, -0.0, -0.0, -0.0, -0.952] 80.003
[-0.0, -0.0, -0.0, 0.0, -0.0, -0.923] 63.722
[-0.0, -0.0, -0.0, 0.0, -0.0, -0.894] 48.371
[-0.0, -0.0, -0.0, 0.0, 0.0, -0.866] 64.23
[-0.0, -0.0, -0.0, 0.0, -0.0, -0.837] 80.367
[-0.0, -0.0, -0.0, 0.0, 0.0, -0.808] 63.077
[-0.0, -0.0, -0.0, 0.0, -0.0, -0.779] 62.848
[-0.0, -0.0, 0.0, 0.0, -0.0, -0.75] 64.066
[-0.0, -0.0, 0.0, 0.0, -0.0, -0.722] 80.098
[-0.0, -0.0, 0.0, 0.0, -0.0, -0.693] 63.718
[-0.0, -0.0, 0.0, 0.0, -0.0, -0.664] 63.16
[-0.0, -0.0, 0.0, 0.0, -0.0, -0.635] 62.978
[-0.0, -0.0, 0.0, 0.0, -0.0, -0.606] 80.005
[-0.0, -0.0, 0.0, 0.0, -0.0, -0.578] 64.151
[-0.0, -0.0, 0.0, 0.0, -0.0, -0.549] 63.351
[-0.0, -0.0, 0.0, 0.0, -0.0, -0.52] 64.338
[-0.0, -0.0, 0.0, 0.0, -0.0, -0.491] 96.223
[-0.0, -0.0, 0.0, 0.0, -0.0, -0.462] 63.664
[-0.0, -0.0, 0.0, 0.0, -0.0, -0.434] 63.813
[-0.0, -0.0, 0.0, 0.0, -0.0, -0.405] 64.191
[-0.0, -0.0, 0.0, 0.0, -0.0, -0.376] 64.058
[-0.0, -0.0, 0.0, 0.0, -0.0, -0.347] 78.304
[-0.0, -0.0, 0.0, 0.0, -0.0, -0.318] 79.221
[-0.0, -0.0, 0.0, 0.0, -0.0, -0.29] 64.66
[-0.0, -0.0, 0.0, 0.0, -0.0, -0.261] 63.657
[-0.0, -0.0, 0.0, 0.0, -0.0, -0.232] 80.309
[-0.0, -0.0, 0.0, 0.0, -0.0, -0.203] 64.236
[-0.0, -0.0, 0.0, 0.0, -0.0, -0.174] 62.939
[-0.0, -0.0, 0.0, 0.0, -0.0, -0.146] 63.797
[-0.0, -0.0, 0.0, -0.0, -0.0, -0.117] 63.761
[-0.0, -0.0, 0.0, -0.0, -0.0, -0.088] 79.366
[-0.0, -0.0, 0.0, -0.0, -0.0, -0.059] 78.776
[-0.0, -0.0, 0.0, -0.0, -0.0, -0.031] 63.244
[-0.0, -0.0, 0.0, -0.0, -0.0, -0.014] 63.713
[-0.0, -0.0, 0.0, -0.0, -0.0, -0.007] 63.478
