[-0.0, -0.0, 0.0, -0.0, -0.0, -0.003] 60.016
[0.029, 0.029, -0.029, -0.027, -0.029, -0.032] 51.617
[0.058, 0.058, -0.055, -0.042, -0.058, -0.061] 71.449
[0.086, 0.086, -0.068, -0.048, -0.086, -0.089] 61.636
[0.115, 0.115, -0.074, -0.051, -0.115, -0.118] 61.869
[0.144, 0.144, -0.077, -0.053, -0.144, -0.147] 61.257
[0.173, 0.173, -0.078, -0.053, -0.173, -0.176] 77.472
[0.202, 0.202, -0.078, -0.054, -0.202, -0.205] 76.426
[0.23, 0.23, -0.079, -0.054, -0.23, -0.233] 62.038
[0.259, 0.259, -0.079, -0.054, -0.259, -0.262] 61.044
[0.288, 0.288, -0.079, -0.054, -0.288, -0.291] 61.501
[0.317, 0.317, -0.079, -0.054, -0.317, -0.32] 77.171
[0.346, 0.346, -0.079, -0.054, -0.346, -0.349] 62.386
[0.374, 0.374, -0.079, -0.054, -0.374, -0.377] 62.189
[0.403, 0.403, -0.079, -0.054, -0.403, -0.406] 77.897
[0.432, 0.432, -0.079, -0.054, -0.432, -0.435] 61.589
[0.461, 0.461, -0.079, -0.054, -0.461, -0.464] 63.349
[0.49, 0.49, -0.079, -0.054, -0.49, -0.493] 61.619
[0.518, 0.518, -0.079, -0.054, -0.518, -0.521] 61.118
[0.547, 0.547, -0.079, -0.054, -0.547, -0.55] 91.16
[0.576, 0.571, -0.079, -0.054, -0.576, -0.579] 61.598
[0.605, 0.582, -0.079, -0.054, -0.605, -0.608] 62.681
[0.634, 0.588, -0.079, -0.054, -0.634, -0.637] 61.575
[0.662, 0.59, -0.079, -0.054, -0.662, -0.665] 76.482
[0.691, 0.591, -0.079, -0.054, -0.691, -0.694] 61.584
[0.72, 0.592, -0.079, -0.054, -0.72, -0.723] 63.894
[0.749, 0.592, -0.079, -0.054, -0.736, -0.752] 62.238
[0.778, 0.592, -0.079, -0.054, -0.744, -0.781] 91.772
[0.806, 0.592, -0.079, -0.054, -0.747, -0.809] 61.119
[0.835, 0.592, -0.079, -0.054, -0.749, -0.838] 62.569
[0.864, 0.592, -0.079, -0.054, -0.749, -0.867] 60.634
[0.893, 0.592, -0.079, -0.054, -0.75, -0.896] 62.224
[0.922, 0.592, -0.079, -0.054, -0.75, -0.925] 77.032
[0.95, 0.592, -0.079, -0.054, -0.75, -0.953] 62.863
[0.979, 0.592, -0.079, -0.054, -0.75, -0.982] 62.426
[1.008, 0.592, -0.079, -0.054, -0.75, -1.011] 59.306
[1.037, 0.592, -0.079, -0.054, -0.75, -1.04] 78.642
[1.066, 0.592, -0.079, -0.054, -0.75, -1.069] 77.145
[1.094, 0.592, -0.079, -0.054, -0.75, -1.097] 60.321
[1.123, 0.592, -0.079, -0.054, -0.75, -1.126] 61.925
[1.152, 0.592, -0.079, -0.054, -0.75, -1.155] 62.759
[1.181, 0.592, -0.079, -0.054, -0.75, -1.184] 62.373
[1.21, 0.592, -0.079, -0.054, -0.75, -1.213] 61.752
[1.233, 0.592, -0.079, -0.054, -0.75, -1.241] 78.623
[1.244, 0.592, -0.079, -0.054, -0.75, -1.27] 61.571
[1.249, 0.592, -0.079, -0.054, -0.75, -1.299] 61.74
[1.251, 0.592, -0.079, -0.054, -0.75, -1.328] 60.424
[1.252, 0.592, -0.079, -0.054, -0.75, -1.357] 93.086
[1.253, 0.592, -0.079, -0.054, -0.75, -1.385] 60.812
[1.253, 0.592, -0.079, -0.054, -0.75, -1.414] 63.269
[1.253, 0.592, -0.079, -0.054, -0.75, -1.443] 62.344
[1.253, 0.592, -0.079, -0.054, -0.75, -1.471] 63.083
[1.253, 0.592, -0.079, -0.054, -0.75, -1.487] 76.511
[1.253, 0.592, -0.079, -0.054, -0.75, -1.494] 61.526
[1.224, 0.563, -0.05, -0.083, -0.779, -1.465] 62.154
[1.195, 0.534, -0.021, -0.112, -0.808, -1.436] 62.791
[1.167, 0.506, 0.007, -0.14, -0.836, -1.407] 78.09
[1.138, 0.477, 0.036, -0.169, -0.865, -1.379] 63.61
[1.109, 0.448, 0.065, -0.198, -0.894, -1.35] 77.188
[1.08, 0.419, 0.094, -0.227, -0.923, -1.321] 61.308
[1.051, 0.39, 0.123, -0.256, -0.952, -1.292] 62.889
[1.023, 0.362, 0.151, -0.284, -0.98, -1.263] 61.589
[0.994, 0.333, 0.18, -0.313, -1.009, -1.235] 62.419
[0.965, 0.304, 0.209, -0.342, -1.038, -1.206] 62.039
[0.936, 0.275, 0.238, -0.371, -1.067, -1.177] 76.4
[0.907, 0.246, 0.267, -0.4, -1.095, -1.148] 62.043
[0.879, 0.218, 0.295, -0.428, -1.124, -1.119] 62.378
[0.85, 0.189, 0.324, -0.457, -1.153, -1.091] 61.643
[0.821, 0.16, 0.353, -0.486, -1.182, -1.062] 93.775
[0.792, 0.131, 0.382, -0.515, -1.211, -1.033] 75.858
[0.763, 0.102, 0.411, -0.544, -1.239, -1.004] 61.639
[0.735, 0.074, 0.439, -0.572, -1.268, -0.975] 60.32
[0.706, 0.045, 0.468, -0.601, -1.297, -0.947] 60.992
[0.677, 0.016, 0.497, -0.63, -1.326, -0.918] 61.355
[0.648, -0.013, 0.526, -0.659, -1.355, -0.889] 77.743
[0.619, -0.042, 0.555, -0.688, -1.383, -0.86] 77.36
[0.591, -0.07, 0.583, -0.716, -1.412, -0.831] 64.03
[0.562, -0.099, 0.612, -0.745, -1.441, -0.803] 61.402
[0.533, -0.128, 0.641, -0.774, -1.469, -0.774] 62.037
[0.504, -0.157, 0.658, -0.803, -1.485, -0.745] 78.07
[0.475, -0.186, 0.666, -0.832, -1.493, -0.716] 61.154
[0.447, -0.214, 0.67, -0.86, -1.496, -0.687] 61.74
[0.418, -0.243, 0.672, -0.889, -1.498, -0.659] 61.056
[0.389, -0.272, 0.672, -0.918, -1.498, -0.63] 93.128
[0.36, -0.301, 0.673, -0.947, -1.499, -0.601] 63.572
[0.331, -0.33, 0.673, -0.976, -1.499, -0.572] 61.321
[0.303, -0.358, 0.673, -1.004, -1.499, -0.543] 61.621
[0.274, -0.387, 0.673, -1.033, -1.499, -0.515] 61.762
[0.245, -0.416, 0.673, -1.062, -1.499, -0.486] 78.09
[0.216, -0.445, 0.673, -1.091, -1.499, -0.457] 64.589
[0.187, -0.474, 0.673, -1.12, -1.499, -0.428] 62.754
[0.159, -0.502, 0.673, -1.148, -1.499, -0.399] 75.028
[0.13, -0.531, 0.673, -1.177, -1.499, -0.371] 63.19
[0.112, -0.56, 0.673, -1.206, -1.499, -0.342] 76.062
[0.103, -0.577, 0.673, -1.235, -1.499, -0.313] 62.762
[0.099, -0.585, 0.673, -1.264, -1.499, -0.284] 61.11
[0.098, -0.589, 0.673, -1.292, -1.499, -0.255] 61.072
[0.097, -0.591, 0.673, -1.321, -1.499, -0.227] 62.877
[0.096, -0.591, 0.673, -1.35, -1.499, -0.198] 61.963
[0.096, -0.592, 0.673, -1.376, -1.499, -0.169] 61.416
[0.096, -0.592, 0.673, -1.389, -1.499, -0.14] 78.526
[0.096, -0.592, 0.673, -1.395, -1.499, -0.111] 62.53
[0.096, -0.592, 0.673, -1.398, -1.499, -0.083] 61.661
[0.096, -0.592, 0.673, -1.399, -1.499, -0.054] 61.759
[0.096, -0.592, 0.673, -1.399, -1.499, -0.025] 77.274
[0.096, -0.592, 0.673, -1.4, -1.499, 0.004] 77.068
[0.096, -0.592, 0.673, -1.4, -1.499, 0.033] 63.335
[0.096, -0.592, 0.673, -1.4, -1.499, 0.061] 63.402
[0.096, -0.592, 0.673, -1.4, -1.499, 0.09] 61.971
[0.096, -0.592, 0.673, -1.4, -1.499, 0.119] 77.165
[0.096, -0.592, 0.673, -1.4, -1.499, 0.148] 62.178
[0.096, -0.592, 0.673, -1.4, -1.499, 0.177] 61.815
[0.096, -0.592, 0.673, -1.4, -1.499, 0.205] 62.052
[0.096, -0.592, 0.673, -1.4, -1.499, 0.234] 91.836
[0.096, -0.592, 0.673, -1.4, -1.499, 0.263] 62.219
[0.096, -0.592, 0.673, -1.4, -1.499, 0.292] 61.916
[0.096, -0.592, 0.673, -1.4, -1.499, 0.321] 62.087
[0.096, -0.592, 0.673, -1.4, -1.499, 0.349] 61.81
[0.096, -0.592, 0.673, -1.4, -1.499, 0.378] 77.881
[0.096, -0.592, 0.673, -1.4, -1.499, 0.407] 62.343
[0.096, -0.592, 0.673, -1.4, -1.499, 0.436] 62.296
[0.096, -0.592, 0.673, -1.4, -1.499, 0.465] 62.906
[0.096, -0.592, 0.673, -1.4, -1.499, 0.493] 76.009
[0.096, -0.592, 0.673, -1.4, -1.499, 0.522] 63.007
[0.096, -0.592, 0.673, -1.4, -1.499, 0.551] 64.012
[0.096, -0.592, 0.673, -1.4, -1.499, 0.58] 60.585
[0.096, -0.592, 0.673, -1.4, -1.499, 0.609] 94.895
[0.096, -0.592, 0.673, -1.4, -1.499, 0.637] 62.513
[0.096, -0.592, 0.673, -1.4, -1.499, 0.666] 78.168
[0.096, -0.592, 0.673, -1.4, -1.499, 0.695] 76.015
[0.096, -0.592, 0.673, -1.4, -1.499, 0.724] 61.212
[0.096, -0.592, 0.673, -1.4, -1.499, 0.753] 62.553
[0.096, -0.592, 0.673, -1.4, -1.499, 0.781] 62.626
[0.096, -0.592, 0.673, -1.4, -1.499, 0.81] 62.347
[0.096, -0.592, 0.673, -1.4, -1.499, 0.839] 63.369
[0.096, -0.592, 0.673, -1.4, -1.499, 0.868] 61.297
[0.096, -0.592, 0.673, -1.4, -1.499, 0.897] 77.76
[0.096, -0.592, 0.673, -1.4, -1.499, 0.925] 61.138
[0.096, -0.592, 0.673, -1.4, -1.499, 0.954] 63.212
[0.096, -0.592, 0.673, -1.4, -1.499, 0.983] 61.708
[0.096, -0.592, 0.673, -1.4, -1.499, 1.012] 76.511
[0.096, -0.592, 0.673, -1.4, -1.499, 1.041] 61.74
[0.096, -0.592, 0.673, -1.4, -1.499, 1.069] 62.178
[0.096, -0.592, 0.673, -1.4, -1.499, 1.098] 60.224
[0.096, -0.592, 0.673, -1.4, -1.499, 1.127] 76.886
[0.096, -0.592, 0.673, -1.4, -1.499, 1.156] 61.802
[0.096, -0.592, 0.673, -1.4, -1.499, 1.185] 60.059
[0.096, -0.592, 0.673, -1.4, -1.499, 1.213] 62.614
[0.096, -0.592, 0.673, -1.4, -1.499, 1.242] 78.334
[0.096, -0.592, 0.673, -1.4, -1.499, 1.271] 78.125
[0.096, -0.592, 0.673, -1.4, -1.499, 1.3] 63.804
[0.096, -0.592, 0.673, -1.4, -1.499, 1.329] 60.461
[0.096, -0.592, 0.673, -1.4, -1.499, 1.357] 61.693
[0.096, -0.592, 0.673, -1.4, -1.499, 1.386] 79.807
[0.096, -0.592, 0.673, -1.4, -1.499, 1.415] 63.165
[0.096, -0.592, 0.673, -1.4, -1.499, 1.444] 62.667
[0.096, -0.592, 0.673, -1.4, -1.499, 1.473] 76.111
[0.096, -0.592, 0.673, -1.4, -1.499, 1.501] 63.476
[0.096, -0.592, 0.673, -1.4, -1.499, 1.53] 62.246
[0.096, -0.592, 0.673, -1.4, -1.499, 1.559] 63.485
[0.096, -0.592, 0.673, -1.4, -1.499, 1.588] 61.809
[0.096, -0.592, 0.673, -1.4, -1.499, 1.617] 78.05
[0.096, -0.592, 0.673, -1.4, -1.499, 1.645] 61.901
[0.096, -0.592, 0.673, -1.4, -1.499, 1.674] 61.455
[0.096, -0.592, 0.673, -1.4, -1.499, 1.703] 63.578
[0.096, -0.592, 0.673, -1.4, -1.499, 1.732] 75.313
[0.096, -0.592, 0.673, -1.4, -1.499, 1.761] 62.683
[0.096, -0.592, 0.673, -1.4, -1.499, 1.789] 60.999
[0.096, -0.592, 0.673, -1.4, -1.499, 1.818] 62.956
[0.096, -0.592, 0.673, -1.4, -1.499, 1.847] 77.351
[0.096, -0.592, 0.673, -1.4, -1.499, 1.876] 60.702
[0.096, -0.592, 0.673, -1.4, -1.499, 1.905] 64.047
[0.096, -0.592, 0.673, -1.4, -1.499, 1.933] 60.412
[0.096, -0.592, 0.673, -1.4, -1.499, 1.962] 93.713
[0.096, -0.592, 0.673, -1.4, -1.499, 1.982] 63.493
[0.096, -0.592, 0.673, -1.4, -1.499, 1.992] 60.519
[0.125, -0.563, 0.644, -1.429, -1.47, 1.963] 61.038
[0.154, -0.534, 0.615, -1.458, -1.441, 1.934] 62.228
[0.182, -0.506, 0.587, -1.486, -1.413, 1.906] 76.932
[0.211, -0.477, 0.558, -1.515, -1.384, 1.877] 63.564
[0.24, -0.448, 0.53, -1.539, -1.355, 1.848] 60.405
[0.269, -0.419, 0.514, -1.55, -1.326, 1.819] 62.99
[0.298, -0.39, 0.506, -1.556, -1.297, 1.79] 79.747
[0.326, -0.362, 0.503, -1.558, -1.269, 1.762] 59.379
[0.355, -0.333, 0.501, -1.559, -1.24, 1.733] 62.685
[0.384, -0.304, 0.501, -1.56, -1.211, 1.704] 62.863
[0.413, -0.275, 0.5, -1.56, -1.182, 1.675] 92.848
[0.442, -0.246, 0.5, -1.56, -1.153, 1.646] 62.428
[0.47, -0.218, 0.5, -1.56, -1.125, 1.618] 61.845
[0.499, -0.189, 0.5, -1.56, -1.096, 1.589] 63.162
[0.528, -0.16, 0.5, -1.56, -1.067, 1.56] 62.927
[0.557, -0.131, 0.5, -1.56, -1.038, 1.531] 77.868
[0.586, -0.102, 0.5, -1.56, -1.009, 1.502] 76.043
[0.614, -0.074, 0.5, -1.56, -0.981, 1.474] 63.916
[0.643, -0.045, 0.5, -1.56, -0.952, 1.445] 61.475
[0.672, -0.016, 0.5, -1.56, -0.923, 1.416] 62.042
[0.701, 0.013, 0.5, -1.56, -0.894, 1.387] 62.579
[0.73, 0.042, 0.5, -1.56, -0.865, 1.358] 94.201
[0.758, 0.07, 0.5, -1.56, -0.837, 1.33] 62.027
[0.787, 0.099, 0.5, -1.56, -0.808, 1.301] 62.275
[0.816, 0.128, 0.5, -1.56, -0.779, 1.272] 63.457
[0.845, 0.157, 0.5, -1.56, -0.75, 1.243] 62.257
[0.872, 0.186, 0.5, -1.56, -0.721, 1.214] 79.034
[0.887, 0.214, 0.5, -1.56, -0.693, 1.186] 62.368
[0.894, 0.243, 0.5, -1.56, -0.664, 1.157] 61.437
[0.897, 0.272, 0.5, -1.56, -0.635, 1.128] 61.289
[0.899, 0.301, 0.5, -1.56, -0.606, 1.099] 77.745
[0.899, 0.33, 0.5, -1.56, -0.577, 1.07] 61.296
[0.9, 0.358, 0.5, -1.56, -0.549, 1.042] 62.994
[0.9, 0.387, 0.5, -1.56, -0.52, 1.013] 61.486
[0.9, 0.416, 0.5, -1.56, -0.491, 0.984] 108.249
[0.9, 0.445, 0.5, -1.56, -0.462, 0.955] 63.061
[0.9, 0.472, 0.5, -1.56, -0.433, 0.926] 62.09
[0.9, 0.487, 0.5, -1.56, -0.405, 0.898] 64.137
[0.9, 0.494, 0.5, -1.56, -0.376, 0.869] 62.783
[0.9, 0.497, 0.5, -1.56, -0.347, 0.84] 78.895
[0.9, 0.499, 0.5, -1.56, -0.318, 0.811] 60.947
[0.9, 0.499, 0.5, -1.56, -0.289, 0.782] 62.22
[0.9, 0.5, 0.5, -1.56, -0.261, 0.754] 76.281
[0.9, 0.5, 0.5, -1.56, -0.232, 0.725] 61.481
[0.9, 0.5, 0.5, -1.56, -0.203, 0.696] 60.892
[0.9, 0.5, 0.5, -1.56, -0.174, 0.667] 61.609
[0.9, 0.5, 0.5, -1.56, -0.145, 0.638] 62.615
[0.9, 0.5, 0.5, -1.56, -0.117, 0.61] 92.396
[0.9, 0.5, 0.5, -1.56, -0.088, 0.581] 61.544
[0.9, 0.5, 0.5, -1.56, -0.059, 0.552] 61.891
[0.9, 0.5, 0.5, -1.56, -0.03, 0.523] 62.284
[0.9, 0.5, 0.5, -1.56, -0.002, 0.494] 62.868
[0.9, 0.5, 0.5, -1.56, 0.027, 0.466] 76.866
[0.9, 0.5, 0.5, -1.56, 0.056, 0.437] 61.368
[0.9, 0.5, 0.5, -1.56, 0.085, 0.408] 62.587
[0.9, 0.5, 0.5, -1.56, 0.114, 0.379] 61.041
[0.9, 0.5, 0.5, -1.56, 0.142, 0.35] 78.529
[0.9, 0.5, 0.5, -1.56, 0.171, 0.322] 62.103
[0.9, 0.5, 0.5, -1.56, 0.2, 0.293] 62.589
[0.9, 0.5, 0.5, -1.56, 0.229, 0.264] 63.083
[0.9, 0.5, 0.5, -1.56, 0.258, 0.235] 77.898
[0.9, 0.5, 0.5, -1.56, 0.286, 0.206] 62.828
[0.9, 0.5, 0.5, -1.56, 0.315, 0.178] 61.995
[0.9, 0.5, 0.5, -1.56, 0.344, 0.149] 74.923
[0.9, 0.5, 0.5, -1.56, 0.373, 0.12] 79.754
[0.9, 0.5, 0.5, -1.56, 0.402, 0.091] 75.739
[0.9, 0.5, 0.5, -1.56, 0.43, 0.062] 91.726
[0.9, 0.5, 0.5, -1.56, 0.459, 0.034] 62.986
[0.9, 0.5, 0.5, -1.56, 0.488, 0.016] 63.072
[0.9, 0.5, 0.5, -1.56, 0.517, 0.007] 48.999
[0.9, 0.5, 0.5, -1.56, 0.546, 0.003] 73.831
[0.9, 0.5, 0.5, -1.56, 0.574, 0.002] 62.268
[0.9, 0.5, 0.5, -1.56, 0.603, 0.001] 63.929
[0.9, 0.5, 0.5, -1.56, 0.632, 0.0] 61.149
[0.9, 0.5, 0.5, -1.56, 0.661, 0.0] 61.34
[0.9, 0.5, 0.5, -1.56, 0.682, 0.0] 78.547
[0.9, 0.5, 0.5, -1.56, 0.692, 0.0] 63.814
[0.871, 0.5, 0.471, -1.531, 0.663, 0.0] 59.988
[0.842, 0.5, 0.442, -1.502, 0.634, -0.0] 61.211
[0.814, 0.5, 0.414, -1.474, 0.605, 0.0] 78.024
[0.785, 0.5, 0.385, -1.445, 0.576, -0.0] 64.26
[0.756, 0.5, 0.356, -1.416, 0.548, 0.0] 62.422
[0.727, 0.5, 0.327, -1.387, 0.519, -0.0] 62.451
[0.698, 0.5, 0.298, -1.358, 0.49, 0.0] 77.241
[0.67, 0.5, 0.27, -1.33, 0.461, -0.0] 62.428
[0.641, 0.5, 0.241, -1.301, 0.432, 0.0] 61.553
[0.612, 0.5, 0.212, -1.272, 0.404, -0.0] 63.13
[0.583, 0.5, 0.183, -1.243, 0.375, 0.0] 78.195
[0.554, 0.5, 0.154, -1.214, 0.346, -0.0] 62.065
[0.526, 0.5, 0.126, -1.186, 0.317, 0.0] 62.893
[0.497, 0.5, 0.097, -1.157, 0.288, -0.0] 63.216
[0.468, 0.5, 0.068, -1.128, 0.26, -0.0] 93.968
[0.439, 0.5, 0.039, -1.099, 0.231, 0.0] 63.716
[0.41, 0.5, 0.01, -1.07, 0.202, -0.0] 62.041
[0.382, 0.5, -0.018, -1.042, 0.173, -0.0] 61.916
[0.353, 0.5, -0.047, -1.013, 0.144, -0.0] 62.101
[0.324, 0.5, -0.076, -0.984, 0.116, -0.0] 76.3
[0.295, 0.5, -0.105, -0.955, 0.087, -0.0] 62.661
[0.266, 0.5, -0.134, -0.926, 0.058, 0.0] 62.108
[0.238, 0.5, -0.162, -0.898, 0.029, 0.0] 64.059
[0.209, 0.5, -0.191, -0.869, 0.001, 0.0] 76.856
[0.18, 0.5, -0.22, -0.84, -0.028, -0.0] 64.281
[0.151, 0.5, -0.249, -0.811, -0.057, -0.0] 61.275
[0.122, 0.5, -0.278, -0.782, -0.086, -0.0] 61.669
[0.094, 0.5, -0.306, -0.754, -0.115, -0.0] 77.851
[0.065, 0.5, -0.335, -0.725, -0.144, 0.0] 62.211
[0.036, 0.5, -0.364, -0.696, -0.172, 0.0] 61.576
[0.017, 0.5, -0.393, -0.667, -0.201, -0.0] 61.983
[0.008, 0.5, -0.422, -0.638, -0.23, 0.0] 77.42
[0.004, 0.5, -0.45, -0.61, -0.259, -0.0] 63.713
[0.002, 0.5, -0.479, -0.581, -0.288, -0.0] 62.086
[0.001, 0.5, -0.508, -0.552, -0.316, -0.0] 77.343
[0.0, 0.5, -0.537, -0.523, -0.345, 0.0] 61.782
[0.0, 0.5, -0.566, -0.494, -0.374, 0.0] 61.91
[0.0, 0.5, -0.594, -0.466, -0.403, 0.0] 60.949
[0.0, 0.5, -0.623, -0.437, -0.432, 0.0] 63.396
[0.0, 0.5, -0.652, -0.408, -0.46, 0.0] 91.937
[0.0, 0.5, -0.681, -0.379, -0.489, 0.0] 62.057
[0.0, 0.5, -0.71, -0.35, -0.518, 0.0] 63.187
[0.0, 0.5, -0.738, -0.322, -0.547, 0.0] 61.448
[0.0, 0.5, -0.767, -0.293, -0.574, 0.0] 76.941
[-0.0, 0.5, -0.796, -0.264, -0.588, 0.0] 60.969
[-0.0, 0.5, -0.825, -0.235, -0.594, 0.0] 62.958
[-0.0, 0.5, -0.854, -0.206, -0.597, 0.0] 60.384
[-0.0, 0.5, -0.882, -0.178, -0.599, 0.0] 62.345
[-0.0, 0.5, -0.911, -0.149, -0.599, 0.0] 78.227
[-0.0, 0.5, -0.94, -0.12, -0.6, -0.0] 62.123
[-0.0, 0.5, -0.969, -0.091, -0.6, -0.0] 62.709
[-0.0, 0.5, -0.998, -0.062, -0.6, -0.0] 63.199
[-0.0, 0.5, -1.026, -0.034, -0.6, -0.0] 78.06
[-0.0, 0.5, -1.055, -0.016, -0.6, 0.0] 63.67
[-0.0, 0.5, -1.084, -0.007, -0.6, 0.0] 61.552
[-0.0, 0.5, -1.113, -0.003, -0.6, 0.0] 60.431
[-0.0, 0.5, -1.142, -0.002, -0.6, 0.0] 92.5
[-0.0, 0.5, -1.17, -0.001, -0.6, 0.0] 62.554
[-0.0, 0.5, -1.199, -0.0, -0.6, 0.0] 61.392
[-0.0, 0.5, -1.225, -0.0, -0.6, 0.0] 61.284
[-0.0, 0.5, -1.239, -0.0, -0.6, -0.0] 61.844
[-0.0, 0.5, -1.245, -0.0, -0.6, -0.0] 77.684
[-0.029, 0.5, -1.248, -0.029, -0.571, -0.029] 62.256
[-0.058, 0.5, -1.249, -0.058, -0.542, -0.058] 62.025
[-0.086, 0.5, -1.249, -0.086, -0.514, -0.086] 60.147
[-0.115, 0.5, -1.25, -0.115, -0.485, -0.115] 78.152
[-0.144, 0.5, -1.25, -0.144, -0.456, -0.144] 62.489
[-0.173, 0.5, -1.25, -0.173, -0.427, -0.173] 61.089
[-0.202, 0.5, -1.25, -0.202, -0.398, -0.202] 61.732
[-0.23, 0.5, -1.25, -0.23, -0.37, -0.23] 92.472
[-0.259, 0.5, -1.25, -0.259, -0.341, -0.259] 62.069
[-0.288, 0.5, -1.25, -0.288, -0.312, -0.288] 62.421
[-0.317, 0.5, -1.25, -0.317, -0.283, -0.317] 62.322
[-0.346, 0.5, -1.25, -0.346, -0.254, -0.345] 62.895
[-0.374, 0.5, -1.25, -0.374, -0.226, -0.374] 61.554
[-0.403, 0.5, -1.25, -0.403, -0.197, -0.403] 62.685
[-0.432, 0.5, -1.25, -0.432, -0.168, -0.432] 78.023
[-0.461, 0.5, -1.25, -0.461, -0.139, -0.461] 62.883
[-0.49, 0.5, -1.25, -0.49, -0.11, -0.489] 61.875
[-0.518, 0.5, -1.25, -0.518, -0.082, -0.518] 63.602
[-0.547, 0.5, -1.25, -0.547, -0.053, -0.547] 76.349
[-0.576, 0.5, -1.25, -0.576, -0.024, -0.576] 63.759
[-0.605, 0.5, -1.25, -0.605, 0.005, -0.605] 63.34
[-0.634, 0.5, -1.25, -0.634, 0.034, -0.633] 61.766
[-0.662, 0.5, -1.25, -0.662, 0.062, -0.662] 77.435
[-0.691, 0.5, -1.25, -0.691, 0.091, -0.691] 63.735
[-0.72, 0.5, -1.25, -0.72, 0.12, -0.72] 61.922
[-0.749, 0.5, -1.25, -0.749, 0.149, -0.749] 63.14
[-0.778, 0.5, -1.25, -0.778, 0.178, -0.777] 76.702
[-0.806, 0.5, -1.25, -0.806, 0.206, -0.806] 51.213
[-0.835, 0.5, -1.25, -0.835, 0.235, -0.835] 74.332
[-0.864, 0.5, -1.25, -0.864, 0.264, -0.864] 75.682
[-0.893, 0.5, -1.25, -0.893, 0.293, -0.893] 63.062
[-0.922, 0.5, -1.25, -0.922, 0.322, -0.921] 64.242
[-0.95, 0.5, -1.25, -0.95, 0.35, -0.95] 60.804
[-0.976, 0.5, -1.25, -0.976, 0.379, -0.979] 78.918
[-0.989, 0.5, -1.25, -0.989, 0.408, -1.008] 77.409
[-0.995, 0.5, -1.25, -0.995, 0.437, -1.036] 61.05
[-0.998, 0.5, -1.25, -0.998, 0.466, -1.065] 62.816
[-0.999, 0.5, -1.25, -0.999, 0.494, -1.094] 62.331
[-0.999, 0.5, -1.25, -0.999, 0.523, -1.123] 78.06
[-1.0, 0.5, -1.25, -1.0, 0.552, -1.152] 61.249
[-1.0, 0.5, -1.25, -1.0, 0.581, -1.18] 62.137
[-1.0, 0.5, -1.25, -1.0, 0.61, -1.209] 76.567
[-1.0, 0.5, -1.25, -1.0, 0.638, -1.238] 61.407
[-1.0, 0.5, -1.25, -1.0, 0.667, -1.267] 62.155
[-1.0, 0.5, -1.25, -1.0, 0.696, -1.296] 61.182
[-1.0, 0.5, -1.25, -1.0, 0.723, -1.324] 63.719
[-1.0, 0.5, -1.25, -1.0, 0.738, -1.353] 75.868
[-1.0, 0.5, -1.25, -1.0, 0.744, -1.382] 60.341
[-1.0, 0.5, -1.25, -1.0, 0.747, -1.411] 62.737
[-1.0, 0.5, -1.25, -1.0, 0.749, -1.44] 76.335
[-1.0, 0.5, -1.25, -1.0, 0.749, -1.468] 63.855
[-1.0, 0.5, -1.25, -1.0, 0.75, -1.497] 61.504
[-1.0, 0.5, -1.25, -1.0, 0.75, -1.526] 63.236
[-1.0, 0.5, -1.25, -1.0, 0.75, -1.555] 77.15
[-1.0, 0.5, -1.25, -1.0, 0.75, -1.584] 61.203
[-1.0, 0.5, -1.25, -1.0, 0.75, -1.612] 62.02
[-1.0, 0.5, -1.25, -1.0, 0.75, -1.641] 63.235
[-1.0, 0.5, -1.25, -1.0, 0.75, -1.67] 61.638
[-1.0, 0.5, -1.25, -1.0, 0.75, -1.699] 94.946
[-1.0, 0.5, -1.25, -1.0, 0.75, -1.728] 47.222
[-1.0, 0.5, -1.25, -1.0, 0.75, -1.756] 77.022
[-1.0, 0.5, -1.25, -1.0, 0.75, -1.785] 61.843
[-1.0, 0.5, -1.25, -1.0, 0.75, -1.814] 63.081
[-1.0, 0.5, -1.25, -1.0, 0.75, -1.843] 61.107
[-1.0, 0.5, -1.25, -1.0, 0.75, -1.872] 62.575
[-1.0, 0.5, -1.25, -1.0, 0.75, -1.9] 78.433
[-1.0, 0.5, -1.25, -1.0, 0.75, -1.929] 78.816
[-1.0, 0.5, -1.25, -1.0, 0.75, -1.958] 61.279
[-1.0, 0.5, -1.25, -1.0, 0.75, -1.987] 61.18
[-1.0, 0.5, -1.25, -1.0, 0.75, -2.016] 62.44
[-1.0, 0.5, -1.25, -1.0, 0.75, -2.044] 78.302
[-1.0, 0.5, -1.25, -1.0, 0.75, -2.073] 53.651
[-1.0, 0.5, -1.25, -1.0, 0.75, -2.102] 87.198
[-1.0, 0.5, -1.25, -1.0, 0.75, -2.131] 61.685
[-1.0, 0.5, -1.25, -1.0, 0.75, -2.16] 62.079
[-1.0, 0.5, -1.25, -1.0, 0.75, -2.188] 60.838
[-1.0, 0.5, -1.25, -1.0, 0.75, -2.217] 62.153
[-1.0, 0.5, -1.25, -1.0, 0.75, -2.246] 62.398
[-1.0, 0.5, -1.25, -1.0, 0.75, -2.275] 77.022
[-1.0, 0.5, -1.25, -1.0, 0.75, -2.304] 62.63
[-1.0, 0.5, -1.25, -1.0, 0.75, -2.332] 61.872
[-1.0, 0.5, -1.25, -1.0, 0.75, -2.361] 62.652
[-1.0, 0.5, -1.25, -1.0, 0.75, -2.382] 61.265
[-1.0, 0.5, -1.25, -1.0, 0.75, -2.392] 79.12
[-0.971, 0.471, -1.221, -0.971, 0.721, -2.363] 62.221
[-0.942, 0.442, -1.192, -0.942, 0.692, -2.334] 63.787
[-0.914, 0.414, -1.164, -0.914, 0.664, -2.305] 60.239
[-0.885, 0.385, -1.135, -0.885, 0.635, -2.277] 76.82
[-0.856, 0.356, -1.106, -0.856, 0.606, -2.248] 62.082
[-0.827, 0.327, -1.077, -0.827, 0.577, -2.219] 62.085
[-0.798, 0.298, -1.048, -0.798, 0.548, -2.19] 62.158
[-0.77, 0.27, -1.02, -0.77, 0.52, -2.161] 78.705
[-0.741, 0.241, -0.991, -0.741, 0.491, -2.133] 61.656
[-0.712, 0.212, -0.962, -0.712, 0.462, -2.104] 62.282
[-0.683, 0.183, -0.933, -0.683, 0.433, -2.075] 62.123
[-0.654, 0.154, -0.904, -0.654, 0.404, -2.046] 78.616
[-0.626, 0.126, -0.876, -0.626, 0.376, -2.018] 77.181
[-0.597, 0.097, -0.847, -0.597, 0.347, -1.989] 64.378
[-0.568, 0.068, -0.818, -0.568, 0.318, -1.96] 60.747
[-0.539, 0.039, -0.789, -0.539, 0.289, -1.931] 61.409
[-0.51, 0.018, -0.76, -0.51, 0.261, -1.902] 77.674
[-0.482, 0.008, -0.732, -0.482, 0.232, -1.874] 62.768
[-0.453, 0.004, -0.703, -0.453, 0.203, -1.845] 62.269
[-0.424, 0.002, -0.674, -0.424, 0.174, -1.816] 61.945
[-0.395, 0.001, -0.645, -0.395, 0.145, -1.787] 77.015
[-0.366, 0.0, -0.616, -0.366, 0.117, -1.758] 77.962
[-0.338, 0.0, -0.588, -0.338, 0.088, -1.73] 62.251
[-0.309, 0.0, -0.559, -0.309, 0.059, -1.701] 62.972
[-0.28, 0.0, -0.53, -0.28, 0.03, -1.672] 61.637
[-0.251, 0.0, -0.501, -0.251, 0.014, -1.643] 55.897
[-0.222, -0.0, -0.472, -0.222, 0.006, -1.614] 87.129
[-0.194, -0.0, -0.444, -0.194, 0.003, -1.586] 74.469
[-0.165, -0.0, -0.415, -0.165, 0.001, -1.557] 62.573
[-0.136, -0.0, -0.386, -0.136, 0.001, -1.528] 62.015
[-0.107, -0.0, -0.357, -0.107, 0.0, -1.499] 62.868
[-0.078, 0.0, -0.328, -0.078, 0.0, -1.47] 61.645
[-0.05, -0.0, -0.3, -0.05, 0.0, -1.442] 92.514
[-0.024, -0.0, -0.271, -0.024, -0.0, -1.413] 63.003
[-0.011, -0.0, -0.242, -0.011, -0.0, -1.384] 79.908
[-0.005, -0.0, -0.213, -0.005, -0.0, -1.355] 58.623
[-0.002, -0.0, -0.184, -0.002, 0.0, -1.326] 62.808
[-0.001, -0.0, -0.156, -0.001, -0.0, -1.298] 63.017
[-0.001, -0.0, -0.127, -0.001, 0.0, -1.269] 63.485
[-0.0, -0.0, -0.098, -0.0, 0.0, -1.24] 61.171
[-0.0, -0.0, -0.069, -0.0, -0.0, -1.211] 79.471
[-0.0, -0.0, -0.04, -0.0, -0.0, -1.182] 61.131
[-0.0, -0.0, -0.019, -0.0, 0.0, -1.154] 64.238
[-0.0, -0.0, -0.009, -0.0, -0.0, -1.125] 60.819
[-0.0, -0.0, -0.004, 0.0, -0.0, -1.096] 63.363
[-0.0, -0.0, -0.002, -0.0, 0.0, -1.067] 92.046
[-0.0, -0.0, -0.001, -0.0, -0.0, -1.038] 61.968
[-0.0, -0.0, -0.0, 0.0, 0.0, -1.01] 61.91
[-0.0, -0.0, -0.0, 0.0, -0.0, -0.981] 62.243
[-0.0, -0.0, -0.0, -0.0, -0.0, -0.952] 62.649
[-0.0, -0.0, -0.0, 0.0, -0.0, -0.923] 77.317
[-0.0, -0.0, -0.0, 0.0, -0.0, -0.894] 78.456
[-0.0, -0.0, -0.0, 0.0, 0.0, -0.866] 63.104
[-0.0, -0.0, -0.0, 0.0, -0.0, -0.837] 62.661
[-0.0, -0.0, -0.0, 0.0, 0.0, -0.808] 60.905
[-0.0, -0.0, -0.0, 0.0, -0.0, -0.779] 76.693
[-0.0, -0.0, 0.0, 0.0, -0.0, -0.75] 62.205
[-0.0, -0.0, 0.0, 0.0, -0.0, -0.722] 61.757
[-0.0, -0.0, 0.0, 0.0, -0.0, -0.693] 77.965
[-0.0, -0.0, 0.0, 0.0, -0.0, -0.664] 61.965
[-0.0, -0.0, 0.0, 0.0, -0.0, -0.635] 61.312
[-0.0, -0.0, 0.0, 0.0, -0.0, -0.606] 61.786
[-0.0, -0.0, 0.0, 0.0, -0.0, -0.578] 77.268
[-0.0, -0.0, 0.0, 0.0, -0.0, -0.549] 63.695
[-0.0, -0.0, 0.0, 0.0, -0.0, -0.52] 62.617
[-0.0, -0.0, 0.0, 0.0, -0.0, -0.491] 68.096
[-0.0, -0.0, 0.0, 0.0, -0.0, -0.462] 72.555
[-0.0, -0.0, 0.0, 0.0, -0.0, -0.434] 76.961
[-0.0, -0.0, 0.0, 0.0, -0.0, -0.405] 62.779
[-0.0, -0.0, 0.0, 0.0, -0.0, -0.376] 63.266
[-0.0, -0.0, 0.0, 0.0, -0.0, -0.347] 62.847
[-0.0, -0.0, 0.0, 0.0, -0.0, -0.318] 62.993
[-0.0, -0.0, 0.0, 0.0, -0.0, -0.29] 64.541
[-0.0, -0.0, 0.0, 0.0, -0.0, -0.261] 75.223
[-0.0, -0.0, 0.0, 0.0, -0.0, -0.232] 64.031
[-0.0, -0.0, 0.0, 0.0, -0.0, -0.203] 62.686
[-0.0, -0.0, 0.0, 0.0, -0.0, -0.174] 75.706
[-0.0, -0.0, 0.0, 0.0, -0.0, -0.146] 64.029
[-0.0, -0.0, 0.0, -0.0, -0.0, -0.117] 62.792
[-0.0, -0.0, 0.0, -0.0, -0.0, -0.088] 61.922
[-0.0, -0.0, 0.0, -0.0, -0.0, -0.059] 76.051
[-0.0, -0.0, 0.0, -0.0, -0.0, -0.031] 64.804
[-0.0, -0.0, 0.0, -0.0, -0.0, -0.014] 63.643
[-0.0, -0.0, 0.0, -0.0, -0.0, -0.007] 60.453
